167
301
486
592.5
731
874.5
1009.71
1162.75
1318
1510.7
1570
1713.42
1866
2051.29
2166.13
2250
2666.53
2573.17
2717.47
2826.5
3047.52
3098.95
3350.22
3381.25
3470.04
3627.35
3768.26
3877.39
4010.41
4176.17
4271.52
4432.22
4715
4707.18
4830.6
4925.36
5082.08
5214.53
5357.26
5503.6
5599.39
5785.33
5867.6
6036.77
6143.2
6265.52
6437.47
6580.19
6702.8
6852.06
6954.78
7081.35
7216.06
7367.93
7490.15
7653.48
7814.33
8026.4
8167.32
8208.22
8341.36
8469.56
8610.63
8735.95
8896.88
9034.82
9212.61
9314.04
9457.36
9607.01
9741.23
9894.17
10043.9
10265.7
10279.1
10426.9
10567.4
10706.8
10896
10996.2
11134.4
11268.5
11398.7
11564.9
11739.8
11827.9
11978.9
12104.7
12250.8
12411.2
12548.8
12740.1
12969.8
12996.7
13137.2
13307.9
13414.9
13527.9
13702.6
13825.5
14008.2
14099.4
14242.3
14396.3
14565.3
14689.1
14841.5
14984
15131.8
15360
15458.5
15555.7
15720.2
15829.1
15996.8
16099
16229.5
16543.7
16520.8
16772.5
16871.5
17082.8
17159.8
17311.3
17455.1
17578.8
17722.2
17868.8
18467.6
18144.2
18309.8
18455.6
18555.7
18717.6
18884
19009
19173.7
19362.2
19484.2
19590.6
19769.8
19875.1
20028.5
20235.4
20404
20531.1
20606.4
20785.4
20905.2
21008.4
21165.3
21342.1
21453
21596.3
21904.1
21855.7
22070.2
22180.5
22331.7
22487.9
22590.4
22741
22892.1
23050.2
23246.2
23499.6
23545.1
23679.4
23763.5
23961.6
24073.5
24195
24433.4
24511.1
24768.1
24919.6
25003.9
25097
25213.5
25432.4
25539
25661.3
25800
25958.3
26099.5
26256.1
26348.9
26629.5
26722.9
26813.2
27042.1
27075.2
27223
27368
27622.3
27638.4
27996.2
28440
31660.5
30764.9
29752.2
28787.8
28775.1
29292.8
29144.9
29185.1
29383.1
29495.6
29631.3
29708.2
29847.4
30055.3
30165.2
30305
31957.9
30880.8
30723.1
30896
31108.4
31176.5
31357.1
31464.1
31635.2
32503.2
31966.2
32111.8
32198.8
32352.8
32466.8
32621.2
32760.7
32916
33060.1
33164.8
33351.9
33530.6
33609.7
33743.6
33893.7
34085.9
34208.7
34335.1
34519
34903.7
34766.2
34916
35109.9
35222.3
35352.2
35487.9
35717.5
35823.8
35983.8
36095.4
36329.9
36395.6
36537.7
37288.1
37378.3
37026.1
37196.9
37278
37398.1
37565.6
37691.2
37845.7
38028.3
38147.5
38337.3
38491.3
38578.7
38723.6
38870.7
39075.6
39201.3
43051.2
42318.9
40261.8
46767.9
43350.2
41234.2
41458.1
40562.2
40463.9
40597.8
40837.5
41446.2
41183.3
41254.4
41338.5
41606
41717.9
41809.3
41977.3
42038.9
42249
43177.1
42536.6
42660.3
43052.1
42998.4
43096.7
43269.1
43370.7
43575.4
43678.7
43897.2
44038.7
44172.2
44309.7
44482.2
44626
44781.6
44996.1
44958.7
45109.1
45349.4
45530
45615.3
45795.6
45953.1
46005.5
46791.1
46551.4
46473.9
46680.1
46840.9
46950.7
47043.7
47652.1
47287.3
47518.4
47677.1
48238.3
49546.8
49449
48523.4
48415
48481.1
48813.9
49380.5
49204.3
50305.7
50480.6
49855.5
49720.4
51740.9
51233.9
50034.1
50095
50382.4
50428.4
50533.6
50713.9
50977.2
51003.6
51164.9
51338.2
51484.4
51696.6
51916.2
51849.6
52006.1
52621
52322.9
52496
52686.1
52827.5
53007.6
53132.2
53192.8
53350.6
53642.4
53626.4
53925.5
53966.6
54127.4
54303.2
54409
54522.9
54705.5
54843.2
54956.6
55070.6
55322.8
55346.4
55583.2
55689.6
55816.5
55894.7
56116
56262.7
56838.3
56616.5
56650.1
57029.7
56995.1
57112.8
61349.9
59258.2
