200
481
778
1555
1382
1776
2032
2359
2621
2866
3315
3529
3901
4079
4407
4804
5034
5414
5537
6003
6299
6692
7503
7274
7446
7818
8094
8235
8697
9048
9279
9629
9771
10248
10511
10778
10946
11564
11642
11919
12243
12398
13358
13269
13692
13619
14072
14300
14657
15055
15194
15813
16035
16162
16384
16700
17026
17402
17679
17754
18717
19051
19164
19202
19545
19741
20060
20535
20529
20883
21555
22361
21909
21914
22401
22825
23071
23287
23658
23955
24510
24615
24623
25268
25513
26008
26344
26112
26772
27273
27308
27695
28516
28262
28352
29594
28828
29398
29807
30529
29984
31016
30991
31234
32166
31716
32543
32590
32971
33029
33448
34016
33930
34123
34342
34849
35231
35360
35683
35643
36365
36548
37011
37118
37467
37572
38082
38346
38658
39105
39081
40923
39885
40256
40531
41248
41756
41438
41777
42022
42349
42586
42817
43208
43569
43886
44076
44625
44455
44915
45021
45862
46106
46212
46792
46363
47003
49103
47309
48880
48302
48486
49322
49290
49374
49765
51474
50509
50776
50765
51204
51820
57354
52075
52478
52726
53441
53573
53471
54174
54511
54445
54927
55598
55619
56687
56291
55950
56596
57358
57288
57711
57937
58113
58377
58723
58853
74261
60277
60349
65372
60475
67030
61535
61959
62467
62487
62760
63001
63012
63668
63712
64104
64704
64765
69117
65023
65577
66403
65680
69863
66732
66999
67488
67616
67987
68251
68219
68851
69056
69699
69685
69750
70053
70376
71768
71578
71579
72749
71998
72339
73133
73200
73314
73654
74237
74634
74530
75078
75183
75552
76101
76566
77010
76665
78324
77049
77228
79643
78565
78134
79286
79130
79000
79715
79922
80818
81119
80538
81479
81226
82050
81767
82168
83083
82916
115445
87739
85683
122470
84187
84635
84867
85063
85603
86201
86546
86750
86493
86605
87052
87546
87942
88304
88655
88373
91376
89328
89755
90376
91044
90408
92792
91654
92474
92174
92313
92858
93009
93675
93125
93280
94400
94357
95087
94685
95678
95091
97068
96687
96233
96892
96659
98827
98103
98452
98082
98504
98541
98967
99416
100622
100519
100377
102830
102494
108987
101370
101420
102123
102218
102592
106409
103506
109166
103837
105927
108154
104910
105094
105205
105361
115163
106205
107607
108071
107572
106965
107756
107993
108494
108734
109842
110087
109910
110396
110102
111220
110592
111429
112181
111663
112736
111932
113009
112476
115422
113379
113887
115022
114528
116157
115024
115619
115750
118361
116264
116327
116692
117212
116956
119075
117976
118238
119956
119122
118980
118985
119706
129443
