261
107.5
68
39.75
49
30.1667
30.5714
35.5
16.4444
21.1
16.3636
17.4167
9.69231
14.1429
10.9333
13.0625
20.8235
9.5
12.9474
8.5
8
6
8.52174
8.625
7.72
7.46154
5.55556
8.64286
7.41379
5.56667
4.03226
6.15625
5.06061
5.64706
7.08571
3.91667
6.83784
9.05263
5.30769
4.275
3.43902
3.95238
9.72093
3.75
3.17778
4.91304
3.76596
4.25
4.4898
2.74
3.76471
5.67308
7.15094
3.2963
5.6
4.76786
6.24561
3.82759
2.27119
3.46667
3.2623
2.77419
2.2381
3.4375
3.36923
2.71212
2.62687
1.92647
3.27536
2.91429
2.38028
3
1.94521
2.90541
2.36
2.71053
1.77922
2.4359
2.60759
2.65
2.11111
1.57317
2.54217
2.61905
4.48235
1.5
3.08046
2.31818
2.30337
2.37778
1.83516
2.77174
2.34409
1.92553
1.45263
2.96875
3.7732
3.35714
2.88889
1.46
2.46535
1.82353
2.2233
1.63462
1.29524
2.24528
1.8972
1.91667
1.24771
2.27273
1.84685
2.07143
1.63717
1.21053
1.8087
1.77586
1.44444
1.17797
2.35294
1.49167
1.72727
1.79508
1.11382
1.51613
1.704
1.54762
1.11024
3.35156
1.5969
1.55385
1.36641
1.11364
2.94737
1.32836
1.28148
1.60294
0.985401
1.68841
1.61871
1.56429
1.05674
1.50704
1.51049
1.17361
1.30345
0.883562
1.71429
1.28378
1.43624
0.886667
1.33113
1.19079
1.40523
1.18182
1.01935
1.71154
1.34395
1.18354
0.867925
1.46875
1.16149
1.04938
1.28221
0.743902
1.39394
1.18675
1.23353
1.13095
0.828402
2.56471
1.07018
1.49419
0.745665
1.35057
1.42286
1.125
1.51412
0.808989
1.6257
1.03889
1.1768
0.78022
1.18033
1.21196
1.11892
1.16129
0.727273
1.5266
1.02646
0.994737
0.732984
1.27083
0.948187
1.31959
0.887179
0.954082
1.62944
0.99495
1.09045
1.14
0.686567
1.49505
1.14286
0.965686
0.721951
1.16505
1.24638
1.11538
1.1244
1.20476
1.35545
1.87736
0.896714
0.724299
1.29767
1.07407
1.17051
2.19725
0.748858
1.45909
0.950226
1.17117
0.932735
1.42411
1.13333
0.80531
1.21145
0.828947
1.48908
1.46957
1
0.965517
1.50644
1.41453
1.26809
0.970339
0.974684
1.51261
1.59414
2.67083
2.76763
0.81405
1.40741
1.12295
1.46939
0.670732
0.842105
1.04032
1.11647
1.408
0.61753
0.948413
1.29644
2.02756
0.862745
1.26953
0.964981
1.42636
1.05405
0.811538
1.26054
1.18321
0.961977
1.07955
0.667925
1.25188
1.22846
1.26119
11.9963
1.68519
1.02952
1.15441
2.12088
0.806569
1.20364
1.25
2.05415
0.76259
1.35842
0.914286
1.43416
0.950355
0.780919
1.12324
1.09825
1.1014
0.797909
1.10764
1.48789
1.96897
0.907216
0.996575
1.14334
0.996599
1.14915
1.80068
0.612795
0.989933
1.00669
1.16333
0.607973
0.996689
2.05281
0.944079
1.15082
0.669935
1.16938
0.805195
1.04207
0.716129
1.20579
1.11538
1.27476
1.04459
0.663492
1.16456
1.11987
0.72956
0.793103
1.0625
1.13396
1.8354
1.2322
0.598765
1.14769
0.819018
1.77064
0.838415
0.644377
0.975758
1.20846
0.879518
0.933934
1.06587
2.35522
1.6131
1.05341
0.730769
1.9292
1.34412
0.818182
0.625731
1.34111
1.00872
0.768116
0.950867
0.507205
1.03448
0.647564
1.00857
0.507123
1.22727
1.07082
0.872881
0.876056
0.676966
1.9944
1.60056
1.33426
1.04444
1.11911
1.66851
1.38843
1.70879
0.753425
0.991803
0.899183
1.15489
0.867209
0.481081
1.25067
0.849462
0.836461
0.713904
1.04
0.941489
0.997347
0.902116
0.548813
1.16316
1.27034
1.19372
0.822454
1.05469
1.31169
1.12953
1.36176
0.659794
1.13882
0.85641
1.18159
1.08163
0.765903
1.67005
2.56962
3.19697
2
9.53266
8.16792
26.7075
