100
200
300
400
500
600
700
800
900
1000
1100
1200
1300
1400
1500
1600
1700
1800
1900
2000
2100
2200
2300
2400
2500
2600
2700
2800
2900
3000
3100
3200
3300
3400
3500
3600
3700
3800
3900
4000
4100
4200
4300
4400
4500
4600
4700
4800
4900
5000
5100
5200
5300
5400
5500
5600
5700
5800
5900
6000
6100
6200
6300
6400
6500
6600
6700
6800
6900
7000
7100
7200
7300
7400
7500
7600
7700
7800
7900
8000
8100
8200
8300
8400
8500
8600
8700
8800
8900
9000
9100
9200
9300
9400
9500
9600
9700
9800
9900
10000
10100
10200
10300
10400
10500
10600
10700
10800
10900
11000
11100
11200
11300
11400
11500
11600
11700
11800
11900
12000
12100
12200
12300
12400
12500
12600
12700
12800
12900
13000
13100
13200
13300
13400
13500
13600
13700
13800
13900
14000
14100
14200
14300
14400
14500
14600
14700
14800
14900
15000
15101
15202
15303
15405
15510
15611
15713
15815
15915
16021
16126
16234
16342
16445
16548
16661
16767
16879
16993
17107
17217
17328
17443
17558
17675
17798
17920
18049
18178
18307
18434
18562
18687
18821
18958
19093
19222
19353
19503
19650
19802
19956
20118
20274
20420
20579
20748
20921
21091
21263
21431
21601
21769
21922
22104
22282
22461
22631
22798
22965
23150
23339
23515
23684
23884
24052
24232
24416
24595
24791
24972
25160
25324
25499
25677
25853
26023
26211
26404
26600
26802
26995
27173
27353
27568
27763
27965
28141
28334
28552
28731
28929
29114
29306
29493
29693
29883
30060
30242
30430
30613
30797
30978
31168
31341
31539
31725
31915
32099
32295
32478
32653
32856
33042
33231
33417
33607
33794
33981
34170
34367
34564
34781
34972
35149
35334
35520
35695
35873
36055
36227
36436
36644
36831
37013
37204
37382
37590
37775
37944
38123
38313
38492
38692
38874
39071
39280
39462
39655
39836
40030
40220
40418
40589
40757
40968
41170
41354
41537
41713
41913
42098
42299
42496
42674
42868
43055
43252
43435
43626
43816
44005
44209
44406
44580
44768
44949
45143
45350
45545
45730
45919
46119
46294
46484
46668
46856
47063
47240
47423
47617
47821
47998
48176
48352
48536
48733
48937
49137
49303
49501
49684
49877
50079
50268
50459
50643
50836
51036
51233
51440
51640
51839
52050
52246
52442
52635
52831
53033
53232
53458
53670
53886
54105
54303
54491
54696
54894
55125
55335
55564
55781
55994
56217
56456
56685
56910
57152
57352
57569
57806
58045
58262
58502
58721
58966
59191
59440
59670
59908
