54
15.5
16.6667
13
17
18.5
35.2857
17
11.7778
12.5
12.0909
11
10.6923
12.7857
11.6
29.6875
33
28
11.5789
12.7
12.0476
10.6364
10.3478
11.5
10.76
21.9615
13.6667
10.8929
11.2414
10.4667
10.6452
10.2188
10.5152
10.5294
18
13.3333
13.0541
15.8158
11.4103
14
10.6098
10.1905
10.4419
10.5227
11.1778
10.4348
10.8085
14.6458
10.8571
10.3
10.2353
23.1923
23.5094
19.9815
20.9273
18.3929
16.2982
14.3103
10.5593
10.65
10.4098
11.0645
11.2063
12.9688
10.3538
10.5152
10.5522
10.4265
10.9275
11.3714
11.0423
10.5694
10.7397
10.8243
10.5733
10.3421
10.4805
10.7692
12.0127
11.025
10.6667
10.8415
10.6145
11.119
12.6471
10.7674
14.4713
10.5795
11.0112
12.7222
14.4835
10.4783
10.7742
10.9362
11.7684
20.3021
20.8866
21.0306
21.1616
14.94
10.7426
13.2549
11.5146
11.2981
10.9143
10.9057
10.4579
11.2963
14.7431
11.4
11.7658
11.125
12.3451
10.6404
10.5391
10.569
10.7179
11.6864
13.1345
11.4
12.1405
10.7377
10.5041
10.7419
11.12
11.1429
11.937
10.7734
12.0465
10.7769
10.9847
11.3561
11.594
10.9328
11.0444
11.8824
10.7007
11.5
11.4245
11.6
14.0426
11.662
10.986
13.0903
11.2828
10.9041
11.2109
11.4324
10.7987
10.8933
11.0728
12.7895
11.5752
12.2403
14.5032
12.9167
11.4586
10.8228
11.5723
11.8687
12.9441
10.9012
11.4294
13.9207
11.103
12.4217
11.3772
12.119
11.8817
11.6118
11.4561
14.9477
12.5376
11.0575
11.96
14
15.7062
16.0281
16.905
11.4222
11.105
11.0385
11.5246
13.4511
11.9892
13.371
13.1765
12.1277
13.7143
13.0263
11.6911
12.7344
11.5959
15.1804
21.2308
19.1224
16.2589
12.5152
13.7588
12.95
16.2886
13.0594
13.601
15.4314
13.4244
17.6796
13.6812
13.4135
13.9282
21.5476
14.9194
15.033
15.0751
14.3551
13.9674
16.5556
15.447
21.9862
22.0639
17.2591
14.9864
16.1577
19.4439
19.3482
15.32
14.6947
20.1322
22.1272
20.3537
21.0217
17.671
24.0776
23.3691
20.5256
20.4213
16.5339
21.5738
20.2647
24.5774
24.175
22.9046
21.1074
20.1975
20.1721
22.6122
17
17.6275
18.6653
20.8916
19.772
18.8845
19.4127
20.5573
19.0315
21.7216
18.6055
20.3619
21.4845
20.6486
23.1115
22.2261
20.0114
19.6654
22.1364
20.8151
20.1353
21.9101
25.2388
26.9665
24.2778
21.3063
21.8272
25.3297
21.3212
23.1564
22.9674
25.7184
25.0576
23.8817
25.8071
23.7367
23.1879
23.4452
23.1162
24.586
23.9825
24.5296
28.9931
27.8754
25.9483
26.4433
25.8459
24.2526
24.5374
28.1559
25.0676
23.5825
25.6309
26.3344
25.9333
24.4718
25.2152
29.1881
26.773
26.3016
27.549
25.4137
27.5747
30.0032
27.1032
30.7106
27.5865
29.2204
26.2548
26.7556
28.0063
27.3281
27.0975
28.2288
28.85
28.7975
31.5093
30.8669
29.0093
27.2246
29.3558
31.1498
28.5762
28.7994
29.0939
29.4743
29.994
33.4595
34.6377
34.8298
35.0565
27.8398
30.2219
29.056
31.3147
28.1173
30.6404
31.3936
29.9767
28.6058
30.3526
30.5908
29.4454
33.1461
30.0857
31.1538
31.2358
30.5354
29.2401
29.7493
31.6433
34.8459
35.3352
34.2674
58.0611
34.5457
34.5193
41.2066
34.75
32.6274
32.9836
31.1853
32.7636
32.4688
29.4081
34.4178
31.2688
31.1501
33.0428
33.0027
31.75
30.9496
32.8413
33.6016
32.8474
31.5276
32.4162
33.8799
32.6172
34.1221
32.8471
37.4444
34.768
32.7481
33.7256
35.6317
33.2117
34.1679
35.4137
55.6684
35.947
35.063
37.9146
40.1053
59.9125
