158
100.5
61.6667
29
58.4
24.6667
26.7143
22.25
11.2222
14.5
16.9091
11.8333
8.69231
14.9286
9.66667
11.75
12.7059
6.72222
11.2632
7.3
6.52381
4.90909
8.08696
5.83333
5.8
7.34615
4.11111
7.67857
5.65517
4.26667
3.35484
4.96875
4.81818
3.61765
3.74286
3.13889
5.35135
4.63158
3.69231
6.25
2.73171
4.90476
8.93023
2.90909
2.33333
4.04348
3.48936
3.72917
2.89796
1.94
3.66667
3.67308
2.49057
1.68519
3.18182
2.625
2.7193
4.01724
2.50847
5.18333
3.19672
5.29032
2.04762
3.65625
2.23077
2.09091
2.23881
1.60294
3.3913
1.9
2.35211
2.30556
1.43836
2.39189
2.38667
2.31579
1.25974
1.98718
1.70886
2.3
2.08642
1.14634
1.91566
2.41667
4.43529
1.02326
2.1954
2.125
1.86517
1.66667
1.20879
2.27174
2.37634
1.6383
1.17895
1.71875
1.76289
1.43878
1.73737
0.98
2.0297
1.81373
1.74757
1.45192
1.0381
1.68868
2.1215
1.34259
0.816514
2.22727
1.7027
1.25
1.27434
0.947368
1.97391
1.35345
1.47009
0.737288
1.23529
1.175
1.39669
1.2623
0.878049
1.8629
1.456
1.22222
0.795276
5.17188
1.44961
1.13846
1.32061
0.787879
1.32331
1.33582
1.42963
1.77206
1.19708
1.65217
1.06475
1.25714
0.716312
1.24648
1.14685
1.22222
1.31724
0.657534
1.27211
1.26351
1
0.6
1.5298
1.26316
0.895425
1.24026
0.741935
1.51282
1.19108
1.05063
0.566038
1.14375
1.24224
1.15432
0.828221
0.585366
1.25455
2.1506
1.64671
1.72619
0.609467
1.67059
1.06433
1.01163
0.50289
1.33333
0.977143
1.04545
1.0565
0.477528
0.98324
0.744444
1.02762
0.576923
1.06011
0.902174
0.859459
0.962366
0.433155
1.17553
0.84127
0.931579
0.513089
1.44271
1.29016
1.05155
0.984615
0.484694
1.15228
1.0202
1.29146
1.025
0.527363
1.15347
1.2069
1.40686
0.790244
1.47573
1.04831
0.966346
0.904306
0.461905
1.13744
1.83491
0.793427
0.700935
1.05116
0.967593
0.958525
0.834862
0.442922
1.00455
0.809955
0.914414
0.331839
0.821429
0.8
0.814159
1.03524
0.421053
0.908297
0.821739
0.774892
0.767241
0.377682
0.978632
0.804255
0.775424
0.50211
1.01261
0.774059
0.995833
0.863071
0.570248
1.00823
0.721311
0.730612
0.439024
0.902834
0.879032
0.763052
0.756
0.386454
0.734127
0.774704
1.64961
0.364706
1.07812
0.782101
0.829457
0.714286
0.384615
0.896552
0.694656
1.55513
1.01894
0.592453
1.03383
0.730337
0.738806
0.669145
0.977778
0.797048
0.485294
0.842491
0.339416
0.967273
0.561594
0.718412
0.381295
0.917563
0.55
0.786477
0.755319
0.363958
0.992958
0.691228
0.926573
0.344948
0.881944
0.525952
0.603448
0.639175
0.304795
0.648464
0.748299
0.752542
1.38851
0.451178
0.855705
0.722408
0.746667
0.392027
0.927152
0.630363
1.07895
0.947541
0.457516
0.801303
0.75974
0.711974
0.348387
0.78135
0.647436
0.456869
0.964968
0.307937
0.775316
0.876972
0.58805
0.335423
0.796875
0.884735
0.729814
0.495356
0.348765
0.809231
0.843558
0.584098
0.685976
0.316109
0.766667
0.628399
0.756024
0.279279
0.790419
0.740299
0.571429
0.652819
0.387574
1.35988
0.670588
0.762463
0.28655
0.810496
0.482558
0.843478
0.676301
0.377522
0.841954
0.690544
0.591429
0.230769
0.707386
0.422096
0.759887
0.574648
0.292135
0.753501
0.522346
0.637883
0.672222
0.313019
0.646409
0.727273
0.486264
0.227397
0.693989
0.841962
0.668478
0.512195
0.286486
0.719677
0.543011
0.514745
0.23262
0.573333
0.531915
0.806366
0.60582
0.269129
0.686842
1.21785
0.552356
0.331593
0.734375
0.914286
0.611399
0.710594
0.340206
0.655527
0.569231
0.670077
0.487245
0.287532
0.634518
0.427848
0.603535
0.216625
0.575377
0.802005
0.71
