0
3
0
1
6
4
6
1
8
6
13
8
11
7
11
10
5
7
12
15
14
16
20
21
26
15
19
17
24
15
26
20
18
13
18
26
17
14
29
18
30
23
20
25
23
23
15
20
25
22
20
33
17
23
24
23
30
30
22
21
21
36
27
32
23
21
27
25
19
17
19
24
29
22
26
14
21
17
30
29
27
28
23
30
23
23
26
22
19
26
30
25
33
24
30
14
34
24
15
27
30
31
17
32
31
31
16
23
13
22
27
30
32
31
21
24
24
16
30
21
14
26
30
24
22
26
29
24
26
27
33
30
23
25
31
19
31
28
29
28
17
19
18
19
21
18
15
22
29
17
33
29
13
26
34
24
30
21
26
23
32
24
26
23
27
40
30
42
29
26
24
33
26
38
35
40
38
42
35
39
27
38
36
41
37
39
35
35
45
39
56
49
53
52
35
51
52
60
47
59
49
51
50
41
62
61
58
55
63
58
72
69
56
57
77
57
69
76
73
76
66
70
54
61
63
59
60
72
81
78
92
78
65
66
94
80
83
61
75
100
67
86
73
71
77
85
71
67
68
76
65
68
73
75
58
79
67
79
69
68
67
66
87
73
77
70
76
82
76
74
86
83
95
76
69
69
70
63
68
66
67
84
95
71
72
82
66
88
61
62
67
73
67
84
73
72
95
68
78
69
77
76
79
65
59
88
75
69
72
69
83
75
82
85
64
77
72
81
69
73
74
73
89
78
64
77
68
70
90
79
67
76
84
65
79
72
73
91
75
73
84
89
62
68
69
71
77
76
80
57
82
63
78
88
74
73
73
76
75
73
82
75
78
83
75
81
71
72
73
73
90
82
83
85
75
73
75
81
94
79
95
85
87
99
92
98
94
108
71
92
101
101
80
102
90
104
97
104
95
101
