0
0
0
0
0
1
1
2
2
2
3
4
5
6
8
8
9
10
11
13
14
16
17
18
22
25
36
42
43
46
48
49
51
54
58
59
62
72
82
86
87
99
106
113
129
137
139
142
143
147
155
156
163
165
168
183
188
191
194
202
208
218
224
236
238
243
246
252
272
281
291
297
307
313
319
326
336
337
341
349
350
362
370
381
387
394
403
409
417
422
430
439
445
448
453
458
462
474
487
495
507
514
530
541
547
548
552
556
562
570
575
588
597
599
602
606
612
624
632
633
639
644
650
652
656
659
667
685
694
709
725
728
733
743
755
770
771
780
783
786
797
801
804
809
818
819
825
833
842
856
859
876
885
890
892
901
910
921
938
938
947
957
962
967
973
984
997
1016
1028
1037
1055
1067
1078
1085
1100
1124
1155
1180
1213
1249
1269
1299
1329
1364
1400
1446
1487
1531
1567
1621
1686
1727
1793
1868
1926
2008
2084
2180
2240
2352
2421
2490
2630
2736
2913
3051
3219
3379
3509
3629
3854
4105
4270
4562
4755
5020
5280
5546
5881
6085
6382
6711
6945
7279
7732
8138
8394
8872
9257
9777
10398
10995
11661
12401
12962
13669
14597
15483
16161
17439
18020
19550
21417
22146
23046
23848
25395
26630
27903
30132
31194
33126
34859
36983
38494
46112
49409
55121
61008
65493
73013
81072
87218
94604
98879
108686
116079
120742
127263
139541
149892
157724
162802
176997
185951
197398
211238
217882
227689
250265
260918
272982
279412
290094
300290
307328
319127
328979
339582
348498
353258
359166
369525
378435
384045
392202
395558
400196
408757
414945
420256
424569
430834
435268
438484
443214
448089
451250
452958
455560
458559
460535
463283
466461
470045
471630
473560
475249
477750
479477
481754
484673
486891
494039
498561
504984
508818
514337
521117
522984
529974
533406
537170
542738
550316
553614
557329
559887
563424
567150
572322
575367
580326
587971
595224
603301
607379
612474
615005
620744
624776
630553
634880
637621
640169
647309
654201
656987
660107
662160
662786
666070
668709
670279
673644
678992
683187
686603
688818
690599
692765
694201
695629
697685
700479
703072
705829
709779
711789
715663
718234
722193
733054
750350
773705
801658
814640
837086
856352
873301
893122
910964
925636
941528
963803
990041
1038694
1105800
1715077
3698606
