250
168.5
78.3333
40.25
46
30.8333
24.5714
28.125
14.3333
19.1
23.0909
14.5
11.4615
16.3571
11.3333
10.9375
16.8235
9.66667
14.6842
10.65
9.85714
5.72727
8.82609
8.95833
7.04
11.6154
5.22222
9.71429
6.86207
5.5
4
6.28125
6.66667
6.05882
4.97143
3.33333
5.81081
5.36842
4.38462
4.25
2.90244
4.7381
8.55814
4.63636
2.86667
4.93478
3.65957
4.20833
4.65306
2.64
4.54902
4.21154
4.24528
2.33333
4
2.89286
3.29825
2.82759
2.01695
4.2
4.5082
5.08065
2.2381
3.3125
2.63077
2.51515
3.23881
1.98529
3.13043
2.37143
3.04225
2.84722
1.82192
2.21622
2.18667
2.18421
1.7013
3.19231
2.3038
2.075
2.55556
1.43902
2.39759
1.92857
4.88235
1.39535
3.56322
2.5
2.35955
2.04444
1.52747
2.41304
2.02151
2.08511
1.42105
2.125
2.21649
1.78571
1.63636
1.47
2.63366
2
1.58252
2.29808
1.26667
1.86792
2.00935
1.94444
1.3211
2.63636
2.22523
2.05357
2.07965
1.10526
1.45217
1.98276
1.7265
1.05932
2.07563
1.75
1.42149
1.37705
1.0813
1.87903
1.408
2.0873
1.14961
3.26562
1.35659
1.85385
1.53435
1.00758
1.64662
1.58209
1.28148
1.53676
1.05839
1.84783
1.32374
1.81429
0.950355
1.80986
1.48252
1.40278
2.07586
0.952055
1.66667
1.16216
1.21477
0.873333
1.60265
1.14474
1.4902
1.4026
0.864516
1.16667
1.40764
1.44937
0.867925
1.6375
1.42857
1.04938
1.00613
0.878049
1.56364
1.00602
1.28144
1.19643
0.698225
2.93529
1.39766
1.44767
0.739884
1.84483
1.97714
2.27841
2.32768
1.35955
1.86592
1.90556
1.9116
1.09341
2.14754
2.61957
2.0973
2.0914
1.05882
1.54255
0.94709
2.04737
1.5288
1.5625
1.21762
0.994845
1.6
0.908163
1.13706
1.14141
1.72362
1.005
1.04975
1.45545
0.980296
1.15686
0.629268
1.24272
0.961353
0.927885
0.889952
0.62381
1.23697
2.89151
1.0939
0.635514
1.08837
1.18981
0.847926
1.08257
0.616438
1.12727
1.19457
1.09009
0.565022
1.1875
0.955556
1.13274
1.36123
0.798246
1.46725
1.0087
1.03463
1.15948
0.656652
1.23077
0.974468
0.79661
0.78903
0.789916
0.870293
1.39167
1.51037
0.818182
1.24691
1.14754
1.03673
0.634146
1.42915
1.05645
1.20482
1.192
0.63745
1.31746
1.31225
1.8937
0.788235
1.94141
1.52529
1.48837
1.6139
1.85385
1.77011
1.89313
2.36502
2.01894
1.49434
1.92481
1.79775
1.5597
1.66543
2.57407
2.54982
1.58456
2.13187
2.04015
1.95636
2.59783
2.82671
1.58993
2.13262
3.41071
2.48399
3.12766
1.71025
1.98944
2.40702
2.05944
1.88502
1.90972
2.3218
1.77931
1.54983
1.52397
3.00683
1.89456
1.61356
2.44932
0.875421
1.95973
1.42809
1.65333
1.21262
5.89073
1.75248
1.98684
2.7082
1.96732
3.61889
1.36364
0.951456
0.880645
1.37621
1.18269
1.24601
1.40446
0.793651
1.28481
1.42587
1.14465
1.02821
0.815625
0.928349
1.7205
1.2291
1.68519
1.4
1.48773
1.30887
1.50305
1.33435
1.04545
1.87915
1.36747
0.882883
1.30539
2.08358
1.35417
1.05638
0.769231
1.77286
0.926471
1.32845
0.751462
1.21866
1.27035
1.41449
1.66185
0.778098
1.81034
1.40115
1.1
0.923077
1.98011
1.18697
1.24859
1.22254
1.02247
1.4902
1.01397
1.10028
1.02222
0.578947
1.21547
0.972452
0.945055
0.961644
1.37432
1.79837
1.29891
0.731707
0.513514
0.876011
0.870968
1.01072
0.545455
0.968
1.34309
0.992042
0.928571
0.643799
1.5
1.71916
1.17801
2.21149
3.78646
3.0987
4.39637
2.93798
3.22423
2.26735
3.12564
1.86445
2.98469
1.86514
2.30711
2.30633
3.05556
4.12594
7.1608
50.0852
183.357
