0
3
0
1
6
5
6
2
8
6
16
11
13
11
13
14
9
9
23
22
18
21
25
27
36
25
38
30
35
26
34
28
31
20
32
39
25
30
60
36
52
46
38
50
55
41
26
29
42
32
35
47
30
31
54
51
70
58
48
40
40
58
47
57
34
30
40
44
50
37
36
42
51
36
43
27
56
26
52
56
44
52
42
59
45
43
51
53
35
58
56
62
73
43
53
34
63
53
38
51
67
58
48
71
51
56
27
43
31
48
39
47
54
50
38
47
37
40
48
26
24
44
58
34
38
40
51
60
43
54
56
46
35
41
58
59
38
50
46
46
39
32
28
35
42
27
32
35
43
38
52
63
30
48
45
43
59
42
63
32
58
57
35
36
39
79
58
73
52
38
49
68
37
58
52
72
75
81
75
76
57
79
102
85
86
96
80
77
92
123
112
97
135
127
91
129
146
173
120
157
143
143
204
145
265
225
216
259
232
211
325
373
251
389
292
367
375
382
407
440
405
413
410
476
560
507
394
796
678
888
892
819
782
911
856
935
1430
1242
1213
1703
937
1761
2886
1340
1521
1285
1904
1611
2105
2489
1669
2371
2533
3045
2187
9337
6778
8609
10846
15253
9897
11898
15546
12405
10739
11796
10420
8404
13705
18827
17817
10558
13515
18366
11910
18867
21781
13364
19459
30270
19967
24136
15633
13144
19314
14853
17365
12598
17398
12664
9716
14209
14394
11808
8744
10775
5639
8882
10754
11127
7928
5914
8310
4899
4304
10929
10702
7442
2010
2977
3713
3736
5732
5526
4229
2832
3025
2404
3269
2504
3222
6372
4153
8774
6814
7871
5213
9002
12725
3350
11299
6450
6269
8084
11707
6007
4394
4427
4630
4410
7831
4754
5633
9052
9463
10503
5956
10181
5543
7545
6320
8386
5614
4760
7069
8212
10074
3595
3976
3290
1700
3865
2977
2619
7553
7410
4850
4618
3307
2218
2645
2379
2539
2806
3692
3602
3009
4869
3689
5045
4768
6744
14547
23627
40180
43830
30144
45328
25583
37731
23250
26749
23830
23689
27006
40316
59532
106029
770148
2748463
