0
0
0
0
0
1
1
2
2
2
3
4
5
6
7
8
9
10
11
12
13
14
15
16
17
21
27
35
36
37
40
42
42
45
47
49
51
58
64
70
72
79
83
89
102
108
111
114
115
120
126
131
138
141
143
149
152
152
160
165
171
183
192
199
203
211
212
218
228
233
245
252
261
269
277
284
292
293
300
309
314
330
340
350
355
364
373
376
387
390
395
401
411
417
422
425
427
431
437
446
451
457
470
477
481
486
493
496
500
506
512
522
528
531
537
543
547
558
569
571
579
582
588
598
600
603
609
617
622
628
642
645
651
656
673
679
685
693
695
701
708
713
718
735
745
752
758
762
764
769
772
781
791
799
802
808
809
815
828
829
838
842
847
853
861
873
885
897
920
930
945
956
967
974
990
1010
1033
1060
1082
1123
1159
1193
1214
1245
1270
1320
1354
1380
1416
1452
1508
1546
1603
1673
1717
1769
1821
1910
1973
2064
2130
2196
2288
2363
2439
2527
2619
2751
2837
2942
3064
3187
3304
3446
3591
3744
3902
4031
4228
4379
4543
4719
4891
5075
5339
5527
5695
5921
6092
6314
6568
6770
7027
7258
7497
7764
8049
8346
8671
9158
9466
9878
10201
10430
10794
11136
11694
12053
12535
13135
13506
13897
14235
14694
15144
15855
16199
16772
17319
17836
18472
19143
19728
20217
20751
21444
22186
22821
23389
24044
24631
25176
25681
26421
27150
28061
28944
29657
30319
31277
31852
32543
33101
33644
34237
34748
35451
36104
36624
37319
37768
38207
38834
39412
40054
40717
41264
41702
42308
42830
43422
44076
44806
45520
46136
46805
47414
47891
48344
48792
49389
49870
50367
50876
51487
51889
52271
52813
53462
54170
54736
55449
55916
56510
57198
57983
58555
59262
59847
60277
60923
61412
62024
62696
63590
64139
64774
65391
66249
66858
67662
68266
68995
69676
70426
71224
71726
72306
72785
73302
73926
74562
75169
75619
76083
76679
77515
78094
78598
79098
79436
80018
80686
81188
81716
82321
82810
83347
83909
84480
85019
85486
85980
86544
87197
87812
88644
89388
90009
90683
91335
92079
93203
94340
95301
96479
97407
98446
99579
100668
102165
103544
105526
107435
110337
114912
122181
131807
153352
241442
