31
19.5
14.6667
22.75
43.2
15
23.2857
12.625
12.5556
11.9
21.0909
14.9167
26.8462
19.5714
15.2667
29.6875
49.7647
45.8889
21.3684
15.2
12.2857
13.4091
11
19.9167
11.64
39.8846
28.7407
12.1429
11.3793
10.9333
10.8065
11.2812
10.9697
12.1176
13.2571
14.3333
15.8108
12.7105
34.2051
28.125
30.7073
20.8571
14.5814
11.9318
10.6444
12.4783
19
16.375
10.6531
15.46
11.6078
12.7115
10.3208
10.7037
14.8545
19.3571
35.8246
37.1897
38.1695
38.9167
16.4098
25.8387
26.1746
18
11.0923
10.2576
12.3284
14.6618
12.7536
10.3857
13.338
13.1806
10.8767
10.6622
11.7867
12.3158
14.9091
10.7949
11.1899
10.15
21.3827
12.561
11.8795
14.0119
17.0471
11.1628
12.8161
37.625
12.0449
10.5556
18.022
17.663
19.871
10.6915
11.4105
11.5417
10.8763
10.5714
13.9495
16.88
15.1584
11.8824
11.932
11.5096
10.6476
11.8679
12.1776
13.287
10.4404
18.1455
16.1351
11.4375
10.2301
12.7281
25.4609
15.8707
13.4872
11.4746
10.8571
10.2833
11.1736
27.9508
14.3496
13.7823
16.776
10.6111
11.4016
27.0078
20.1938
12.3077
11.9847
11.5909
10.9173
12.5672
15.2815
20.6029
45.7153
32.1449
18.4964
11.5214
12.3759
16.3592
13.014
14.6736
16.4828
10.9863
10.2857
11.5743
16.1409
12.26
17.2517
14.8289
12.6601
21.3506
31.3742
13.8974
13.5287
15.6519
13.8365
19.2938
24.087
16.9815
13.8344
12.9695
43.3818
43.4639
43.5868
40.756
19.5148
19.6706
13.3918
18.1279
18.9017
20.569
19.5314
20.1648
18.8079
14.1966
20.7989
28.1889
18.8729
20.6374
17.0929
17.4511
24.6973
28.4355
28.9733
20.6436
15.164
27.6842
26.7382
44.9062
40.4093
27.7577
25.2
31.5306
24.7868
26.7576
42.8342
43.185
37.8408
20.1287
51.2808
44.1078
43.7268
42.733
24.7826
28.9327
25.4258
32.4667
33.3554
21.5519
23.5305
24.5234
30.6977
30.0926
23.2535
24.422
22.4932
19.4182
22.6516
29.7072
25.3139
28.1339
22.3022
27.1903
32.6123
23.5877
25.4192
20.6174
21.645
28.5733
22.8069
25.5128
22.0851
29.3475
33.1772
28.5714
38.0293
21.2708
33.9378
34.1901
27.4609
23.3975
22.649
28.1098
28.996
30.3427
35.8795
28.988
34.3187
24.3849
36.7273
22.4843
31.949
34.8516
28.6848
31.4496
23.4903
39.2615
24.9425
34.2252
47.0608
40.1212
46.1509
31.1316
25.6292
34.7612
42.7212
30.9556
30.2694
28.2463
38.7216
29.8358
31.9855
26.5362
30.8917
29.187
25.9211
30.6893
32.7402
40.4823
31.2615
42.1901
36
36.8322
34.101
28.125
28.8512
32.6138
29.2302
28.7192
23.3857
42.7143
33.0508
35.7027
33.2189
27.406
34.2375
37.2967
53.6478
38.394
53.0264
51.477
40.2623
39.8268
30.0261
38.9903
34.7476
33.2129
28.7749
35.1667
46.5527
42.051
30.6063
36.2975
31.6562
36.2264
36.9781
37.6437
40.3645
40.441
33.2477
41.1914
44.6246
38.3129
29.9725
35.4634
30.4225
36.4151
34.2568
32.5663
37.5706
38.8263
38.7313
27.5387
40.2789
33.8846
36.5044
35.3735
45.7302
32.1287
40.3207
37.1599
39.9536
34.5058
41.0576
48.3937
35.8653
33.9629
32.6353
35.4574
50.0652
43.6441
38.8479
35.7865
35.8627
34.9609
45.2591
32.5
36.8033
46.9282
34.0992
33.956
34.0849
44.4863
47.3651
34.3098
37.2683
35.5622
41.6199
31.5242
36.9357
34.238
34.24
35.5984
43.1963
45.3757
34.1768
39.6289
36.126
47.0707
41.7311
51.7786
48.8468
41.3446
40.4083
43.7242
34.5964
36.6077
39.289
35.7449
41.6845
39.7208
39.4127
45.8939
30.9219
44.9146
41.4887
43.84
