52
27.5
16.3333
11.5
9.6
9
10.2857
9.125
9.66667
13.3
11.1818
12.1667
9.46154
9.07143
8.53333
17.8125
26.1176
21.1667
22.5263
17
7.95238
9.95455
8.08696
9.41667
9.24
20
13.7778
9.25
7.75862
8
7.67742
8.84375
12.2424
8.05882
9
7.66667
10.1081
9.23684
8.10256
7.8
8.02439
7.90476
10.093
10.1591
8.02222
8.47826
8.44681
9.04167
9.34694
8.96
8.29412
9.13461
9.43396
7.7963
8.23636
8.10714
8.42105
7.93103
9.45763
25
13.7541
16.0806
12.1905
8.29688
8.15385
7.93939
7.91045
11.4559
9.10145
9.6
7.87324
9.16667
9.0274
8.09459
7.92
9.80263
9.02597
8.5641
7.97468
8.5
8.66667
7.90244
8.12048
8.11905
8.88235
12.1047
18.4483
9.90909
8.39326
8.67778
8.58242
9
9.04301
12.9574
8.28421
9.32292
8.96907
8.19388
8.88889
11.69
9.81188
8.86275
8.1165
11.4519
10.0381
8.34906
9.74766
9.13889
9.53211
18.7273
20.3964
9.875
9.02655
8.00877
10.0957
9.03448
10.6923
8.55932
10.958
8.23333
8.61983
8.81967
9.00813
8.55645
8
8.27778
8.8189
8.48438
9.00775
11.5
8.54198
8.27273
8.90226
10.5075
8.62963
10.1397
8.94161
8.98551
9.58273
11.0857
11.4539
9.22535
9.88811
9.32639
19.1517
10.5411
9.40136
8.19595
8.74497
9.66667
9.92715
12.3355
12.9673
11.2792
11.6968
8.19231
10.8662
9.32911
9.2327
12.0188
10.2609
8.51235
9.26994
12.7683
11.3212
11.4759
9.61078
8.74405
8.88166
12.8941
16.2398
16.3953
10.5896
21.9598
25.5257
20.9773
23.5367
19.8483
21.3073
19.4167
20.9669
19.7088
21.3989
21.6522
36.3622
20.5323
17.9679
10.9521
12.7989
26.5158
20.3822
12.2448
12.8756
18.634
13.0821
14.0459
11.6904
12.3182
14.5729
10.375
16.6567
12.8762
11.8966
11.5588
11.7854
19.2087
12.4493
10.5433
11.3828
12.4619
13.0237
13.7311
12.2488
11.0234
13.6419
13.537
11.8295
14.4587
12.0594
14.2227
14.7647
13.5901
13.3946
15.1696
13.9422
17.8053
18.9251
17.0526
16.8035
13.2826
14.4848
16.1724
15.6481
14.2991
14.1234
13.0212
14.73
14.8361
15.5481
16.0583
15.7593
15.4587
15.4774
17.0861
16.8204
15.7276
17.7895
17.8589
19.1526
17.996
15.8725
17.75
17.747
21.5433
18.8471
19.0664
25.4202
20.0233
20.3127
20.1462
21.6054
24.458
23.2015
23.553
24.8566
26.0263
25.3895
26.6082
26.1152
27.7778
29.3358
30.125
34.1575
32.8175
33.24
33.1051
37.3755
33.5324
34.681
38.3643
40.9537
37.3511
37.9364
41.2887
42.2456
43.3986
42.5575
43.6771
45.218
44.5724
44.055
45.2397
52.1741
47.2347
49.4746
48
49.1919
49.3893
48.9097
50.5833
49.3422
54.2219
51.4092
55.227
55.3246
56.1732
54.7231
51.724
53.699
53.2645
51.6077
53.6667
53.8275
53.6592
53.7143
52.8133
53.9685
54.0692
54.5016
52.4375
53.8349
54.9814
52.904
54.8735
55.4431
53.7822
54.5627
55.7104
55.1185
57.0091
57.5227
56.2199
56.0961
57.6587
57.8119
57.7083
56.0653
56.8905
56.2861
57.9088
58.2933
58.7456
57.6939
59.6105
58.9594
59.5491
59.0663
60.2701
60.8911
59.9543
61.3789
62.9205
61.2663
62.5169
62.0817
61.8989
61.3473
61.7514
61.9554
62.2028
62.1551
62.5718
61.562
62.6648
63.3205
62.765
66.079
62.7663
62.8916
63.1892
64.0566
62.25
64.3003
63.0134
62.6587
64.625
63.9072
64.4286
63.7098
66.9763
64.4724
63.8848
71.2977
68.0677
77.7273
75.3472
69.8992
70.1985
71.3162
72.5
76.0716
76.4362
76.3282
76.0508
76.5848
79.5455
81.9169
89.7236
139.825
261.035
