34
32
69
28
102
69
30
72
285
114
102
36
71
70
30
78
108
71
71
103
83
137
83
70
34
72
72
72
32
107
71
72
112
32
102
107
72
30
69
69
95
69
102
106
69
65
65
28
65
71
28
66
108
109
68
34
98
101
28
67
107
28
86
66
36
69
70
28
104
67
27
67
101
120
69
26
115
106
27
66
83
150
78
68
67
71
68
107
35
67
68
69
28
64
68
68
67
26
109
67
66
26
66
71
99
76
125
106
101
103
68
26
69
69
27
100
69
66
108
132
67
103
34
85
90
27
68
115
27
102
84
26
99
68
28
87
107
203
67
37
67
68
36
68
73
68
152
72
66
71
65
170
371
84
104
103
37
98
98
69
111
35
89
69
66
28
101
205
213
136
68
105
103
69
70
29
107
107
27
106
68
69
75
35
102
114
28
73
137
27
104
68
36
72
69
34
72
123
36
66
105
70
105
29
86
201
38
68
167
111
108
70
152
73
122
74
36
113
107
69
28
113
128
87
225
35
68
74
78
31
72
68
69
108
116
208
76
191
110
40
117
78
38
71
73
74
118
28
121
69
26
130
101
37
75
71
30
116
72
32
28
100
33
99
98
69
109
68
133
78
37
68
128
69
75
72
73
28
27
70
107
74
103
69
102
72
110
107
116
82
114
68
129
72
118
28
33
28
107
70
62
36
78
122
98
72
114
28
116
71
100
69
36
105
98
98
33
106
72
105
72
27
73
70
75
37
71
221
84
106
129
80
69
117
104
28
99
117
160
127
113
107
134
161
149
54
107
60
122
129
173
219
184
74
36
122
101
78
111
112
168
178
65
239
81
181
159
210
36
42
51
84
35
110
174
29
235
76
28
116
77
39
102
74
28
178
180
56
58
198
63
135
153
171
158
104
139
155
46
158
