33
39.5
53
56.25
48.2
52.5
54.7143
42.625
43.4444
41.7
47.8182
60.75
42.9231
45.5714
54.9333
44.0625
43.2353
53.8333
46.2105
59.1
42.8571
53.5455
49.087
46.4583
54.92
44
48.1852
48.2143
44.6552
47.3667
47.5806
48.1875
47.2727
44.7353
46.5429
46.9167
45.8919
46.1579
46
57.425
45.5122
45.7143
44.3721
45.6591
45.4222
44
43.9149
47.5833
47.2041
45.16
45.6078
46.1731
45.4717
44.3148
46.4182
47.25
44.386
46.4828
45.3898
44.7333
45.9344
47.9677
46.4921
46.7656
47.6
50.1061
47.0597
49.2353
45.3333
48.5143
45.831
43.9167
48.1096
45.8108
46.6533
46.2368
45.3247
46.4487
44.7722
47.95
54.3951
45.7683
46.012
43.9286
44.9765
45.686
45.092
46.4205
47.3483
46.3
51.5165
47.9457
47.0215
47.3191
46.2947
45.0625
48.6701
46.7857
46.9495
43.66
44.2475
44.2745
44.7087
45.2885
50.2857
51.9623
45.4579
46.4907
44.0917
46.2273
45.3874
46.2411
47.8142
44.6579
48.2348
47.7241
46.265
45.2119
44.4454
45.8833
44.9422
47.082
46.4878
46.3629
45.264
46.5317
45
46.4531
47.2558
46.2923
46.6947
49.1894
46.2105
45.8881
46.3852
43.6324
47.2117
47.0652
45.4748
55.7
51.0709
44.493
50.7832
44.2153
44.5103
49.4041
49.6395
44.9122
47.4161
44.2667
44.0132
45.1382
52.902
44.9935
46.4581
45.1538
46.0127
44.4304
44.3711
44.45
47.5652
46.1914
51.1166
45.6951
45.7879
47.6867
45.7665
45.744
47.6864
44.7941
45.0409
48.1977
47.0462
48.7126
46.3886
48.4659
46.2938
45.3202
44.3631
45.5556
45.8287
47.8571
44.0874
44.8696
44.2757
46.3226
45.9465
45.0745
44.164
44.9842
44.5026
45.651
47.0207
47.2732
46.0154
46.3265
45.7462
47.5556
47.9749
45.52
45.2239
46.9257
48.0591
46.3431
50.5756
47.1553
46.5507
44.6875
45.2632
45.3571
45.7867
44.4104
45.0282
44.715
45.4
45.8981
44.9217
45.2248
47.7169
46.4773
45.9321
47.7027
46.148
46.8304
48.3778
44.6283
44.5815
52.8465
47.0175
47.8565
47.039
46.1681
44.3391
45.0641
45.6426
44.7415
45.5148
47.542
44.7448
45.95
45.7137
44.5372
47.1152
46.8852
45.7673
46.3699
45.4858
47.121
46.9036
44.644
45.8207
48.9127
47.4032
46.4921
44.6745
45.0469
45.2529
45.0388
45.2819
45.9115
46.5096
45.8473
43.6502
46.4508
46.1849
46.1128
45.7416
46.1791
44.4349
48.4259
45.9594
45.2721
46.5641
47.2591
43.9527
45.1667
44.5162
45.1835
44.1362
44.125
42.3452
44.9858
44.1625
44.3662
46.8175
45.8601
46.9373
45.9514
44.5052
46.4966
45.8866
46.0342
52.157
48.9558
47.4407
45.3311
45.1919
44.0168
44.3813
49.0267
45.8837
49.3245
45.1914
46.0066
48.4393
48.5131
46.7231
45.1656
45.6181
45.0419
46.5563
44.2051
45.9073
46.4268
44.1873
44.8829
43.6341
45.4969
45.4232
45.2687
45.3146
45.4627
45.9381
45.7068
47.0338
46.0736
49.8196
47.189
46.0912
48.2485
45.6495
45.3735
45.6426
45.1766
45.2179
44.8512
44.0534
61.3402
47.9086
46.7206
47.0645
47.6637
46.035
45.8837
45.1884
46.7948
47.3256
53.046
52.6304
46.9286
47.7322
112.847
46.3031
48.7486
47.0394
50.5421
46.8459
81.7514
48.8496
45.4889
47.2355
50.7845
56.9642
47.8846
46.4
49.4863
53.9619
52.4864
47.2249
47.3649
47.5741
48.7903
46.6247
47.2059
47.04
48.7819
47.3634
47.7487
47.9947
47.0474
47.5512
48.0916
47.6214
47.8073
47.5714
47.9534
48.0775
48.3711
49.1594
96.7667
47.9795
81.801
49.6183
47.5888
54.3772
48.0455
48.0957
52.8065
50.787
49.4575
