131
88.5
85.6667
31
44.6
29.1667
22.5714
19
13.1111
19.9
21.1818
13
8.76923
15.7857
16.4667
11.3125
9.23529
6.44444
15.2632
11.45
10.5238
5.77273
11.0435
7.08333
7.68
5.84615
4.14815
7
5.17241
7.2
3
6.15625
5.42424
5.08824
3.85714
2.58333
4.94595
4.76316
3.82051
3.425
2.63415
4.40476
8.48837
2.93182
2.42222
3.91304
3.06383
3.9375
4.02041
2.06
3.7451
2.69231
2.49057
1.7037
2.45455
2.46429
3.17544
2.7931
1.76271
2.73333
2.13115
2.62903
1.34921
2.40625
1.87692
2.84848
2.02985
1.17647
4.10145
2.74286
1.98592
1.80556
1.31507
3.51351
2.36
1.52632
1.05195
2.76923
2.10127
4.5375
2.72839
1.06098
6.63855
2.45238
4.83529
1.02326
2.47126
1.64773
1.32584
1.24444
0.857143
2.57609
1.35484
1.98936
0.747368
1.21875
1.61856
1.58163
1.83838
0.73
1.9703
1.29412
1.18447
1.85577
0.72381
2.31132
1.50467
2.90741
1.10092
2.40909
1.37838
1.51786
1.04425
0.587719
1.67826
1.59483
1.48718
0.610169
1.59664
1.575
1.24793
1.09016
0.593496
1.41935
1.008
0.952381
0.598425
3
0.852713
1.27692
1.20611
0.530303
1.53383
1.76866
0.903704
1.46324
0.510949
0.963768
1.29496
1.7
0.595745
1.35915
1.16783
0.798611
1.11724
0.472603
0.748299
1.02027
0.899329
0.44
1.44371
1.00658
1.13725
1.16883
0.445161
1.78846
1.15924
0.765823
0.597484
1.18125
0.782609
1.05556
0.840491
0.396341
1.32727
1.18072
0.706587
0.892857
0.39645
2.41765
1.35673
1.15116
0.421965
1.16092
0.685714
1.38636
1.41243
0.5
0.938547
0.633333
0.922652
0.395604
1.38798
0.76087
1.38378
1.04301
0.368984
0.989362
1.43915
0.689474
0.371728
1.09896
0.865285
1.23711
0.692308
0.561224
1.05076
0.833333
0.653266
0.725
0.457711
1.11881
0.778325
1.17647
0.326829
1.41262
0.768116
1.16827
0.813397
0.319048
0.943128
1.74528
0.910798
0.443925
1.05581
0.935185
0.645161
0.857798
0.319635
1.00455
1.17195
0.630631
0.345291
0.941964
0.866667
0.924779
0.801762
0.29386
0.489083
1.08696
0.78355
0.857759
0.300429
0.888889
0.66383
0.902542
0.337553
0.97479
1.24268
1.35417
1.17427
0.289256
1.16872
0.92623
0.930612
1.1626
1.38057
0.995968
1.13253
0.8
0.749004
1.39286
1.94862
1.82283
0.670588
0.996094
0.840467
0.736434
0.76834
0.388462
0.609195
0.851145
0.775665
0.950758
0.260377
0.857143
0.674157
0.697761
0.256506
0.711111
0.564576
0.823529
0.791209
0.390511
0.785455
0.692029
0.794224
0.370504
0.831541
0.507143
0.807829
0.496454
0.321555
0.887324
0.912281
0.664336
0.299652
0.802083
0.868512
0.47931
0.749141
0.287671
0.819113
0.486395
1.02712
1.78378
0.353535
0.939597
0.839465
0.99
0.27907
0.827815
0.706271
1.17763
0.72459
0.297386
0.745928
0.75974
0.530744
0.267742
0.418006
0.804487
0.543131
0.780255
0.203175
0.794304
0.55836
0.688679
0.304075
0.809375
0.872274
0.590062
0.712074
0.259259
1.08923
0.5
0.801223
0.835366
0.276596
0.79697
0.891239
0.668675
0.207207
0.682635
0.471642
0.77381
0.5727
0.60355
1.68437
0.720588
0.618768
0.27193
0.6793
0.578488
0.733333
0.624277
0.279539
0.798851
0.532951
0.677143
0.210826
0.607955
0.424929
0.988701
0.876056
0.275281
0.703081
0.536313
0.899721
0.802778
0.218837
0.569061
0.465565
0.659341
0.194521
0.674863
0.697548
0.611413
0.612466
0.186486
0.90027
0.951613
0.329759
0.47861
0.608
1.25
0.679045
0.666667
0.379947
0.736842
1.28871
1.22513
0.229765
0.716146
0.911688
0.665803
0.596899
0.206186
0.922879
0.989744
0.616368
0.778061
0.262087
0.662437
1.11646
0.717172
0.347607
0.809045
0.52381
0.7275
