47
50
27.3333
22.5
18.2
11.3333
9.42857
36.25
10.8889
12.7
9.81818
8.33333
8.76923
9.64286
16.8667
33.0625
33.3529
11.0556
25.7368
11.15
8.66667
11.8182
8.6087
23.75
20.8
8.96154
8.62963
8.39286
8.65517
8.96667
11.4516
8.4375
28.5758
11.3529
8.94286
13.3889
9.35135
9.73684
8.46154
9.225
8.5122
9.59524
8.69767
9.77273
8.28889
8.97826
8.2766
8.70833
12.3878
12.58
13.8627
8.67308
10.3208
9.2963
10.2182
8.83929
8.92982
17.3621
11.7966
10.5667
12.377
8.64516
8.73016
17.4844
27.0462
26.0303
25.0746
20.2794
19.6232
14.1
9.69014
8.91667
11.4384
9.28378
14.7333
10.2368
10.0779
11.2179
9.26582
8.775
24.1481
23.5366
14.1566
11.869
10.3294
17.8953
19.1264
17.3295
13.427
10.8222
9.72528
17.1957
11.2258
9.56383
9.04211
10.0208
10.7732
13.3776
9.93939
10.72
10.1782
9.38235
15.8252
13.7692
10.1619
14.2736
9.94392
9.7037
9.51376
9.90909
10.6667
12.8125
11.0885
10.9386
9.90435
11.1207
10.8974
14.2373
12.479
10.125
10.3636
10.6475
11.9756
10.7016
10.504
10.8889
11.8583
11.5391
15.7519
10.3846
10.2748
10.4697
10.6917
12.7985
11.763
10.6103
10.5036
11.1739
14.8201
10.8429
10.6099
10.7606
12.0559
12.75
11.5448
11.7877
11.5034
11.9392
11.302
13.0133
11.4305
11.9013
11.3856
12.1818
11.1871
11.1987
11.9745
11.8987
12.6478
12.7688
12.9441
11.5432
12.546
12.9634
12.297
12.9518
11.9401
12.0357
12.6035
15.6118
15.614
13.407
12.5491
12.0977
12.4114
12.9943
12.9266
12.7303
12.8603
12.35
14.8619
19.4835
15.3552
14.3587
12.7459
12.5108
13.1444
13.1968
19.5291
17.9526
19.2723
20.9323
14.1399
17.1392
14.1897
13.5459
12.9137
13.8485
15.5477
13.975
13.7861
13.9059
14.0443
14.6716
13.8146
15.0534
13.8551
13.6971
14.7464
14.8143
13.872
16.9198
14.216
13.7944
14.6744
15.0787
16.6406
14.5505
16.1233
14.3591
15.7059
14.2658
16.3274
14.3661
16.1467
15.5708
14.7753
15.807
15.3843
16.1304
16.8961
20.2069
18.3948
15.4188
16.4383
17.4534
17.7089
16.8403
16.7531
16.425
16.2407
16.8967
15.572
17.0328
15.5347
16.9106
16.583
16.5363
18.257
16.832
16.4382
16.8571
18.17
16.8701
16.2941
39.7734
20.9144
18.8992
20.8764
17.4154
17.636
16.7863
22.2662
16.7765
18.4943
17.3872
18.3745
19.0634
17.2788
18.9741
18.5461
18.5735
17.2894
18.0109
19.68
17.4022
21.917
19.6079
19.405
18.6786
18.1922
18.4468
18.2261
19.7993
21.7053
18.5035
18.1777
19.3403
19.4914
18.9276
20.4158
19.024
20.1536
19.0476
19.5153
19.348
21.2054
20.0705
20.5251
19.9867
19.6445
20.6159
20.2574
24.2401
24.5967
24.1797
21.7948
20.3214
22.7573
20.3065
20.5305
22.6667
20.6709
21.3089
20.454
26.9747
25.1136
21.3648
23.094
21.0875
22.0872
23.3571
25.6285
21.5062
23.1415
23.138
23.1651
22.4482
22.1976
22.7606
25.7523
24.3946
23.6757
22.9311
25.9791
24.3423
24.1128
28.2396
28.5457
27.4412
24.8094
25.0175
27.656
25.6686
24.3884
25.7861
25.2882
26.4828
26.6734
26.6029
27.641
27.1761
28.1955
27.4831
28.1324
28.2809
27.8515
30.4134
28.2591
28.5083
30.7258
29.279
31.4656
30.1978
32.6822
30.4617
33.2997
31.7065
31.8347
32.5541
34.4447
34.8441
34.311
34.7594
35.1947
38.0133
36.7772
37.0106
39.1583
39.5711
40.7533
41.644
43.5222
47.5339
45.5896
46.2927
48.5969
50.3918
53.126
55.541
57.7187
61.0587
65.7608
69.6853
80.7975
109.434
114.688
131.804
169.028
239.482
