0
0
0
0
1
2
2
4
4
4
7
7
9
12
17
22
22
24
26
28
29
32
36
36
38
40
42
44
50
55
59
65
75
80
86
92
100
109
115
118
125
134
139
140
145
149
157
161
164
173
180
185
190
195
204
217
225
230
238
250
259
273
280
282
297
309
320
332
345
351
367
385
398
410
422
440
460
475
487
499
510
531
540
557
578
585
601
609
620
630
657
677
690
704
723
735
749
770
788
807
835
851
863
881
907
934
963
989
1009
1029
1063
1086
1115
1136
1168
1198
1234
1266
1294
1325
1355
1388
1420
1440
1463
1483
1507
1539
1575
1600
1625
1661
1688
1719
1752
1792
1821
1863
1903
1952
1982
2017
2061
2106
2139
2186
2235
2274
2313
2359
2398
2429
2466
2506
2550
2609
2689
2726
2782
2825
2892
2947
2995
3056
3110
3159
3206
3260
3294
3337
3386
3427
3461
3519
3584
3645
3697
3740
3794
3859
3944
4005
4065
4148
4213
4291
4342
4406
4479
4527
4604
4664
4724
4807
4854
4950
5037
5146
5260
5327
5394
5465
5532
5649
5717
5807
5903
6036
6133
6286
6351
6441
6522
6635
6754
6839
7027
7151
7280
7400
7514
7638
7757
7862
7976
8090
8213
8389
8506
8678
8824
8976
9130
9298
9415
9512
9645
9759
9914
10019
10145
10306
10543
10722
10879
11023
11218
11374
11565
11714
11928
12123
12295
12453
12596
12813
12952
13123
13382
13467
13672
13952
14114
14333
14551
14692
14873
15121
15386
15599
15886
16201
16588
16825
17147
17434
17691
17937
18246
18555
18786
19018
19269
19492
19736
20089
20351
20714
21098
21415
21671
22059
22332
22649
23114
23483
24030
24500
24817
25302
25732
26050
26441
27063
27511
28179
28696
29125
29570
29963
30447
30977
31404
31883
32267
33222
33729
34345
35066
35630
36273
36979
37738
38383
39292
40096
40827
41729
42509
43300
44281
45169
46269
47485
48804
49817
50988
52070
53639
54862
56497
57848
59187
60342
62468
63683
65771
67259
68829
70930
72137
74196
76483
78382
82164
85737
88522
91096
95073
97565
103326
106291
110988
115234
118960
124840
129213
132268
141912
147161
153923
161578
167070
176713
183853
192408
203571
208815
220811
231776
246380
255979
270789
293902
311848
332702
353842
380016
404996
441995
478987
531290
570290
634086
784780
922310
1225178
1489648
1915722
2918347
