0
0
0
0
2
1
0
2
1
1
4
0
3
3
10
4
1
2
5
7
7
4
11
1
2
6
6
4
11
11
10
9
16
5
10
13
8
18
7
5
14
13
8
7
6
11
10
9
7
13
13
9
10
10
9
18
18
12
14
17
14
15
12
7
18
21
14
21
15
11
21
18
20
16
16
23
31
20
15
16
11
15
19
21
19
18
29
19
18
23
28
18
17
13
22
16
19
22
25
26
32
27
27
30
30
16
35
33
23
32
30
25
42
32
24
32
27
30
33
25
28
32
38
21
31
20
33
35
29
32
26
37
35
27
32
34
27
39
35
31
26
40
43
36
43
33
40
31
38
38
38
32
38
44
42
28
41
37
40
41
40
34
29
39
46
45
39
47
43
51
38
32
42
43
41
50
45
43
48
37
50
36
50
50
44
35
49
43
44
49
46
41
43
49
47
50
51
55
48
51
55
53
52
72
54
49
60
45
57
54
58
43
50
52
57
47
53
55
52
63
61
53
52
51
52
53
46
60
52
60
63
66
51
64
61
49
70
56
56
67
65
56
63
56
66
68
58
67
67
65
68
59
77
48
52
65
57
71
72
53
57
63
62
61
70
62
58
67
68
63
77
72
71
76
49
61
63
66
77
83
65
77
73
60
75
81
69
87
66
65
80
76
72
59
57
76
76
89
82
71
86
80
78
72
100
71
69
74
81
87
77
65
76
77
84
72
80
68
71
98
71
72
82
80
92
70
92
70
76
75
73
85
88
76
85
82
94
96
82
99
74
105
84
79
79
101
93
91
79
102
111
81
78
88
88
89
81
106
91
94
81
96
83
71
83
103
95
97
93
91
76
90
81
78
82
95
104
105
87
89
72
95
80
97
91
102
98
89
90
108
74
77
93
109
101
98
91
110
104
99
