0
0
0
0
1
2
2
4
4
4
7
7
9
12
17
22
22
24
26
28
29
32
36
36
38
40
42
44
50
55
59
65
76
81
87
94
102
111
117
120
127
136
141
141
146
150
158
162
165
174
181
186
191
196
206
218
226
231
239
250
258
267
274
276
291
303
315
326
339
345
359
376
389
401
416
432
452
465
475
487
496
514
521
536
554
560
580
588
599
611
634
649
661
674
692
706
719
741
756
774
800
818
831
845
872
888
912
936
955
974
1004
1024
1050
1074
1102
1124
1158
1186
1220
1243
1272
1301
1343
1360
1379
1401
1428
1457
1481
1507
1531
1566
1592
1623
1647
1682
1709
1744
1775
1811
1844
1883
1919
1962
1995
2035
2070
2105
2135
2171
2201
2231
2263
2299
2339
2376
2442
2478
2515
2561
2611
2651
2686
2735
2785
2825
2861
2912
2938
2968
3008
3042
3070
3116
3168
3214
3262
3312
3360
3404
3458
3526
3579
3651
3697
3745
3792
3844
3901
3948
4000
4048
4094
4155
4204
4275
4344
4404
4478
4535
4598
4656
4705
4784
4836
4895
4974
5046
5105
5177
5248
5322
5366
5435
5507
5561
5670
5732
5814
5896
5979
6063
6136
6212
6294
6381
6485
6587
6684
6783
6880
6975
7063
7186
7271
7353
7458
7527
7638
7705
7791
7905
8014
8129
8225
8340
8441
8556
8670
8746
8887
9003
9111
9217
9347
9497
9609
9713
9864
9940
10054
10200
10325
10455
10596
10693
10825
10959
11109
11208
11341
11507
11711
11874
12043
12203
12305
12439
12571
12735
12879
13001
13124
13275
13424
13561
13698
13922
14074
14198
14345
14619
14770
14943
15157
15344
15605
15795
15963
16233
16433
16638
16840
17071
17298
17536
17739
17960
18170
18361
18581
18777
18989
19255
19462
19722
20031
20290
20582
20913
21148
21486
21771
22041
22346
22543
22799
23079
23369
23711
24003
24355
24707
25005
25497
25828
26184
26504
26979
27342
27834
28178
28579
29063
29594
29945
30365
30850
31268
31701
32107
32616
33186
33799
34432
35087
35643
36340
36995
37581
38350
38966
39593
40456
41087
41716
42400
43110
44022
44778
45798
46625
47395
48543
49471
50488
51316
52222
53387
54966
56489
57732
59156
60803
62038
63858
65674
68058
70082
72358
75101
78640
82483
87600
91884
96805
103718
113512
127250
192220
