0
0
0
0
2
1
0
2
1
1
4
0
3
4
10
5
1
3
5
7
7
4
12
1
2
7
6
4
11
12
10
10
17
6
11
15
10
20
9
7
18
15
10
9
7
11
11
10
7
14
15
11
12
13
15
21
20
14
15
20
16
24
15
9
24
24
17
28
20
12
28
25
21
24
21
33
33
30
21
21
18
23
24
25
29
25
40
28
22
27
45
29
27
26
32
26
29
37
35
48
48
37
33
46
41
35
59
49
38
44
52
48
66
58
50
61
51
51
55
45
49
52
57
44
48
34
52
58
56
54
43
65
53
51
81
56
49
73
89
67
54
77
78
78
80
78
87
63
73
74
80
71
78
83
94
92
102
78
98
85
91
80
69
102
86
94
90
91
89
108
87
75
88
106
119
109
122
86
92
107
145
85
123
122
122
111
96
111
152
93
131
115
123
130
126
137
156
186
153
134
130
153
145
187
130
139
200
183
210
226
130
154
156
181
193
152
249
220
209
221
183
183
204
175
204
174
178
236
233
277
250
271
323
299
224
191
236
257
251
288
269
238
399
302
264
246
307
271
353
307
304
289
398
256
271
319
272
340
454
202
349
364
250
332
369
316
292
380
374
393
491
498
535
399
425
413
451
417
506
477
477
502
447
425
550
576
516
543
587
589
555
593
530
492
663
778
811
845
662
706
759
688
784
918
805
1091
797
799
744
737
844
950
852
817
778
1270
915
927
1131
903
1268
1009
1256
1034
1404
1308
1190
1333
1146
1204
1788
1586
2045
2019
1750
1901
2087
2041
2408
2128
2282
2286
1999
1914
3250
2513
3525
2717
2221
3063
2567
3452
3761
3811
5646
4249
4613
4122
5503
4176
8012
4935
7083
6309
6246
10006
8457
7763
13555
8427
12233
11915
8954
12606
10564
14836
16293
15802
21541
21314
21517
24446
29268
38816
29651
32951
35776
47000
38985
58555
57954
64604
72286
110507
232385
252735
437730
525951
762339
1549721
