0
0
0
0
2
1
0
2
1
1
4
0
3
4
10
5
1
3
5
7
7
4
12
1
2
7
6
4
11
12
10
10
18
6
11
16
10
20
9
7
17
15
11
8
7
11
11
10
7
14
15
12
12
12
15
20
20
15
15
19
15
19
16
9
23
25
19
27
21
14
27
24
21
22
24
32
37
26
19
21
16
20
20
23
26
27
44
29
23
31
43
23
24
22
30
27
27
39
30
45
46
39
34
38
42
24
57
44
36
41
43
42
56
52
40
44
47
49
57
41
43
45
69
37
45
36
47
57
41
51
46
64
52
52
57
50
47
68
68
52
54
73
70
81
68
69
68
61
65
69
65
59
75
75
80
56
88
74
81
77
72
65
55
91
81
86
78
92
87
96
72
54
66
78
87
90
87
88
82
84
101
97
100
110
91
83
86
89
116
94
94
87
103
107
83
115
127
119
115
106
129
119
113
133
104
95
145
114
131
121
149
123
91
149
141
114
164
138
137
178
137
128
126
130
145
122
145
161
155
161
176
183
167
205
151
142
193
141
174
172
165
169
212
202
169
193
171
203
221
199
207
176
240
168
200
238
215
220
232
177
172
206
198
193
273
202
224
228
217
196
261
296
301
271
256
253
205
241
241
277
266
291
271
254
268
294
264
375
297
278
296
361
239
246
299
319
361
343
297
406
377
379
372
382
431
396
335
416
337
402
417
357
450
440
359
414
490
447
446
515
406
503
509
497
495
353
487
487
500
539
552
563
561
525
664
589
635
650
710
773
687
644
650
743
780
681
766
897
602
827
799
800
951
937
943
960
877
1253
942
1018
1190
1016
993
1322
1090
1214
1256
1331
1507
1271
1586
1508
1256
1524
1447
1774
1383
1907
1716
2624
2625
2529
2236
2946
2057
3095
3330
3962
3626
3633
4435
5022
6000
8280
6849
8930
10464
16593
25691
96708
