100
200
300
400
501
602
702
804
904
1006
1111
1211
1313
1415
1522
1626
1728
1831
1937
2039
2144
2249
2361
2461
2563
2669
2775
2879
2995
3106
3216
3323
3440
3546
3657
3769
3879
3999
4105
4210
4325
4437
4547
4649
4755
4869
4978
5088
5195
5307
5422
5534
5645
5754
5864
5983
6104
6214
6327
6444
6561
6677
6792
6895
7009
7130
7244
7361
7476
7588
7698
7812
7934
8050
8166
8284
8409
8526
8638
8755
8863
8974
9085
9207
9330
9450
9568
9683
9803
9926
10047
10160
10275
10387
10506
10624
10739
10856
10982
11104
11229
11357
11479
11603
11728
11843
11982
12119
12243
12364
12491
12611
12732
12855
12973
13098
13233
13358
13486
13605
13734
13862
14004
14119
14254
14373
14496
14631
14757
14879
14999
15137
15270
15397
15522
15648
15779
15916
16045
16173
16293
16433
16565
16696
16833
16962
17091
17224
17358
17498
17632
17758
17890
18028
18161
18285
18413
18548
18688
18828
18952
19081
19210
19344
19487
19618
19748
19896
20028
20168
20297
20414
20553
20700
20832
20965
21097
21229
21358
21493
21630
21762
21902
22040
22171
22296
22433
22564
22699
22832
22972
23101
23239
23381
23523
23669
23809
23949
24092
24239
24378
24516
24652
24802
24943
25085
25226
25360
25503
25640
25783
25926
26055
26195
26347
26490
26630
26774
26919
27060
27213
27362
27497
27642
27788
27921
28060
28203
28340
28486
28624
28775
28905
29053
29190
29327
29478
29616
29758
29897
30049
30197
30347
30485
30622
30770
30912
31080
31223
31365
31524
31681
31839
31982
32128
32268
32400
32548
32706
32854
32999
33145
33289
33432
33587
33732
33867
34011
34169
34323
34482
34633
34782
34936
35078
35235
35396
35556
35706
35863
36008
36154
36319
36464
36619
36781
36945
37109
37253
37401
37561
37722
37874
38033
38170
38335
38490
38655
38811
38959
39116
39272
39434
39583
39754
39908
40050
40205
40364
40515
40666
40816
40979
41133
41287
41443
41606
41754
41905
42074
42223
42386
42547
42708
42865
43012
43174
43316
43466
43617
43769
43936
44110
44263
44415
44568
44730
44904
45067
45227
45380
45537
45687
45850
46007
46177
46337
46493
46652
46824
46997
47152
47304
47464
47618
47780
47932
48099
48265
48420
48594
48765
48927
49080
49230
49393
49569
49733
49896
50061
50211
50383
50539
50700
50858
51011
51182
51339
51505
51658
51818
51973
52115
52275
52430
52603
52754
52899
53058
53213
53360
53510
53671
53848
54008
54164
54326
54502
54672
54832
