197
215
127
46
65.8
43.5
35.2857
39.375
19.1111
28.5
18.2727
19.5833
12.6154
14.5714
13.2
17.8125
21.3529
9.61111
16.4737
11.3
11.2381
7.18182
10.5217
8.25
13
8.80769
5.96296
7.53571
6.82759
7.46667
4.3871
7.125
5.45455
6.88235
5.34286
4.36111
6.72973
5.10526
5.82051
4.35
3.31707
5.7381
8.88372
4.72727
3.02222
4.08696
3.61702
4.625
4.22449
2.82
4.13725
4.94231
3.32075
2.62963
3.30909
3.76786
3.66667
4.5
2.40678
3.45
3.52459
3.6129
2.01587
2.96875
4.41538
4.4697
4.55224
2.33824
4.2029
4.14286
2.6338
2.54167
1.83562
3.04054
3.57333
2.81579
1.84416
2.83333
2.21519
2.8
2.91358
6.54878
3.68675
2.5119
5.37647
2.22093
3.04598
2.88636
2.61798
2.57778
1.72527
3.43478
2.58065
1.87234
1.57895
2.3125
1.87629
2.32653
2.15152
1.37
2.39604
1.82353
3.28155
2.19231
1.32381
2.20755
2.25234
1.64815
1.12844
1.99091
1.86486
2.33929
2.0177
1.39474
1.96522
1.72414
1.77778
1.15254
2.35294
1.89167
1.90909
1.54098
1.04065
1.79032
1.648
1.43651
1.20472
3.5
1.55814
1.47692
1.71756
1
1.55639
1.59701
1.68889
1.33088
2.31387
1.66667
1.46763
1.3
1.02128
1.5493
1.66434
1.46528
1.44828
0.952055
1.59184
1.39189
1.24832
1.08
1.75497
1.26316
1.23529
1.5974
0.883871
1.28205
1.52866
1.16456
0.867925
1.7875
1.22981
1.16667
1.38037
0.865854
1.64242
1.3494
1.28743
1.02381
0.881657
2.84118
1.39766
1.3314
0.815029
1.54023
1.34857
1.18182
1.0565
0.898876
1.28492
1.02778
1.33702
1.14835
1.6776
1.39674
1.01081
0.94086
0.871658
1.00532
2.44974
1.48421
1.4712
1.73958
1.51295
0.969072
1.17949
0.709184
1.38071
0.909091
1.1407
1.2
0.830846
1.33168
0.935961
1.26471
0.853659
1.19903
1.1256
1.27404
0.885167
0.728571
1.2654
2.2217
1.17371
0.686916
1.23256
1.18519
1.35023
1.13303
0.666667
1.2
1.1629
0.855856
0.784753
1.27679
1.01333
1.18584
1
0.780702
0.842795
0.791304
1.16883
1.71121
0.785408
1.41026
0.804255
1.0339
0.835443
1.20168
1.12134
0.8
0.950207
0.661157
1.23868
1.06967
0.889796
0.658537
1.14575
0.790323
1.20884
0.892
0.585657
1.1746
1.03557
1.79921
0.592157
1.08203
1.64202
1.08527
1.01544
0.676923
1.17241
0.78626
0.874525
1.14394
0.65283
1.05639
0.966292
1.16418
0.546468
0.755556
1.20295
1.01838
0.879121
0.656934
1.15636
0.768116
0.851986
0.683453
1.13262
0.817857
0.928826
0.985816
0.501767
1.18662
1.01404
0.972028
0.526132
1.05556
0.958477
0.748276
0.910653
0.606164
1.13993
0.789116
0.915254
1.8277
0.639731
1.23826
0.913043
0.876667
0.641196
1.12914
0.683168
1.21382
1.90492
1.69935
0.986971
0.931818
1.08414
0.506452
0.678457
0.919872
0.98722
0.89172
0.603175
1.50316
1.31546
1.13836
0.899687
1.05313
0.825545
0.822981
1.26625
0.521605
1.18154
0.809816
1.19572
0.679878
0.492401
0.990909
1.96073
1.20482
0.600601
1.02096
1.46866
0.895833
1.02967
0.565089
2.99705
1.75588
1.04106
0.812865
1.26531
1.02907
1.13913
1.08671
0.775216
1.31609
1.17765
1.09714
0.868946
0.818182
1.11048
1.19774
1.31831
0.789326
1.15126
1.39944
1.30919
1.17778
1.14127
1.19613
1.66116
1.16484
2.10137
1.50273
1.43052
1.49185
1.5393
1.34595
2.59299
1.44086
1.35389
1.42246
1.76267
2.56117
1.89125
1.98942
2.63325
2.43684
3.06824
2.4267
2.54047
3.57812
3.05195
3.1399
3.4522
4.39433
3.82005
5.53077
5.62916
5.38775
5.67939
8.19543
16.7924
18.904
31.4282
40.0402
55.619
114.003
