45
259.5
46.6667
34.25
25.6
26.1667
24.5714
24.5
30.3333
25.3
46.2727
25.9167
49.4615
70.2143
60.2
26.75
24.8824
56.7778
62.2632
65.95
36.9048
68.4091
43.2609
27.625
25.24
23.1923
23.963
28.8571
41.3448
26.7333
25.3548
29.1562
28.8485
23.9412
23.0571
27.8056
23.2432
27.5526
25.4359
23.925
27.9756
26.9286
24.4419
23.25
29.9556
27.2826
26.5957
32.1875
38.4286
31.02
24.7451
23.3654
26.3585
25.5556
27.1636
24.4107
34.807
26.6379
25.0678
23.55
25.7869
28.9839
26
24.0938
26.8769
28.303
27.2537
58.8382
58.9275
40.6571
27.2958
24.7222
28.5753
43.7568
25.44
39.6711
27.8052
32.3846
30.4304
30.2625
54.963
67.0488
61.2651
32.881
57.4941
36.686
30.908
27.9205
24.6966
27.4889
50.7692
27.4783
29.7312
27.5106
27.4842
24.4792
30
31.8776
27.6162
27.81
30.5446
29.6373
25.3981
36.2019
37.4571
55.1981
55.2897
61.0463
53.0734
35.4364
33.6757
27.3214
31.1416
26.6579
26.9304
26.4052
28.8974
36.3898
29.3613
34.1667
32.2397
26.7787
29.5041
29.1935
26.112
43.6905
34.2598
26.3984
32.6744
32.3462
28.7099
36.6212
28.594
43.806
43.3481
37.3309
27.8102
32.971
36.777
44.2071
37.0851
33.162
27.0979
34.8958
30.6276
28.2534
29.0816
30.5068
28.3826
35.12
33.7815
28.3026
36.3595
36.7532
28.8387
33.0128
31.949
28.9937
32.5094
30.6125
33.2857
31.8827
29.135
39.872
42.2242
30.4518
33.6467
40.1667
29.3077
39.3471
42.0117
51.5581
32.1214
29.5517
37.0514
42.4375
54.0565
36.5281
31.8939
31.9611
39.4033
29.6923
32.9508
32.2283
60.3189
40.3011
33.7059
35.9468
38.1376
34
39.7906
30.276
38.4922
36.5103
34.7179
46.0918
29.7259
31.3838
34.3065
31.235
39.2388
30.5743
42.2562
36.3725
44.4683
49.5437
31.9517
39.6346
34.4258
33.1571
31.7393
31.0094
39.0798
32.3364
44.4465
38.4306
29.4562
42.5413
31.2831
50.6409
41.362
34.473
33.3408
29.3259
44.6133
32.0796
32.467
31.3114
35.9258
41.5174
31.5195
36.5043
29.9528
32.5427
42.4936
43.0424
38.2236
37.8824
51.7657
56.2167
48.278
29.4628
40.8477
35.6557
47.2
53.0163
55.7449
39.4839
57.7631
45.636
56.2032
53.5556
59.1028
52.3425
51.3961
34.668
35.2335
41.7054
44.0888
38.1269
35.9617
42.8053
37.1977
39.9621
41.1434
34.9624
35.2135
35.8843
31.2416
41.1222
30.1218
47.5441
31.4066
39.8905
31.4764
36.0616
35.1877
36.4317
35.724
44.0536
35.573
40.0709
37.4912
38.7676
41.5228
41.5944
39.2091
37.3646
37.5087
36.3655
37.4502
36.0685
38.529
36.7177
46.678
45.7399
37.5522
38.3792
39.2375
45.9333
34.0631
40.2947
32.0231
47.2039
32.482
38.9444
34.9218
41.6169
35.7508
39.2839
40.1479
40.6506
38.3099
35.8408
36.5905
43.019
34.2997
35.7516
49.2727
37.4781
44.514
34.2671
40.6285
50.4907
46.5077
34.5092
46.6116
39.1646
33.1033
43.3091
41.2659
45.9398
34.5856
38.5
36.3701
41.3423
39.5875
47.1154
50.9086
33.6765
39.088
38.6199
39.0029
36.9419
41.113
38.9364
34.4179
43.4511
36.1146
39.8286
37.8803
39.571
35.7082
49.226
45.1634
38.0056
40.1485
35.0838
39.7437
41.8861
32.0249
40.9862
37.3113
37.8352
37.7068
37.6475
42.5177
34.2418
43.4282
34.8054
43.8598
44.8414
33.2493
45.1872
38.376
46.266
41.9576
39.9021
45.6121
41.7526
36.2651
48.1335
41.3916
39.0729
47.8545
36.1788
38.5065
41.1031
46.5553
46.9282
41.9923
39.4694
41.2621
33.2766
45.7747
41.3712
37.8312
42.7236
41.2932
38.6275
