154
100.5
84.6667
67
70.8
42
35.2857
26.875
20.6667
26.6
21.3636
20.6667
15.6923
20.4286
16.0667
24
23.4118
11.8333
17.4737
15.9
13.4762
8.04545
11.6957
11.625
9.24
7.61538
6
8.39286
7.68966
7.86667
4.51613
6.21875
6.45455
6.35294
6.25714
4.16667
7
5.86842
5.92308
4.6
3.09756
4.14286
9.76744
4.09091
2.97778
4.06522
4.19149
4.3125
3.59184
2.54
4.43137
4.30769
3.30189
2.46296
3.54545
4.53571
3.31579
3.03448
2.62712
3.91667
2.96721
3.37097
2.11111
3.64062
2.75385
2.62121
2.53731
2.20588
3.52174
3.48571
2.56338
3.26389
1.86301
3.13514
2.82667
2.96053
2.81818
3.39744
2.64557
2.775
2.11111
1.67073
2.68675
3.66667
4.97647
1.75581
3.12644
2.67045
4
3.5
1.7033
2.59783
1.90323
2.23404
1.41053
2.27083
1.71134
2.18367
1.74747
1.38
2.10891
2.32353
1.99029
2.10577
1.45714
1.93396
2.06542
1.7963
1.33028
2.28182
1.85586
1.83036
1.87611
1.26316
2.4
2.17241
1.61538
1.10169
2.0084
1.63333
1.52066
1.92623
1.23577
1.87097
1.44
1.77778
1.06299
2.90625
1.53488
1.67692
1.48855
1.01515
1.7594
1.33582
1.33333
1.69118
1.05109
1.49275
1.65468
1.46429
0.900709
2.26056
2.81119
2.83333
1.55862
0.965753
1.80272
1.83108
1.28859
0.946667
1.31126
2.21053
1.80392
1.18182
0.993548
1.71795
1.25478
1.48101
0.924528
1.24375
1.47826
1.5
1.07975
0.987805
1.60606
1.21084
1.4012
1.23214
0.810651
2.61176
1.27485
1.33721
0.895954
1.39655
1.18286
1.36364
1.33898
0.730337
1.56983
1.25
1
0.879121
1.66667
1.13587
1.3027
1.08065
1.37433
1.62766
1.38095
1.24737
0.900524
1.38021
1.33679
1.10309
0.933333
0.826531
1.53807
0.969697
1.17588
1.505
0.711443
1.42574
1.00985
1.92157
1.60488
1.41262
1.54106
0.947115
1.49282
1.7381
1.43602
2.12264
1.723
0.771028
1.25581
1.19444
1.39171
1.20183
0.707763
1.21364
0.864253
1.14414
0.650224
1.28125
1.08
1.12389
1.31718
0.679825
1.13537
1.05217
1.06494
1.42672
1.03433
1.28632
1.02979
1.12712
0.78481
1.19748
0.820084
0.9625
1.02075
0.710744
1.23457
1.0041
1.01224
0.601626
1.24696
1.08871
1.55422
1.244
0.705179
1.08333
1.13834
2.6378
0.819608
1.44141
1.07393
1.39535
0.996139
0.669231
1.08046
1.18702
0.939164
1.03788
0.588679
1.14662
0.977528
0.996269
0.576208
1.71852
0.95203
0.735294
1.1685
0.569343
1.15273
0.786232
1.05776
0.604317
1.24373
0.917857
0.967972
1.00709
0.547703
1.22887
0.764912
0.979021
0.543554
1.02778
0.944637
0.917241
0.975945
0.636986
0.938567
0.795918
1.08814
1.55068
0.892256
0.979866
0.852843
1.07667
0.607973
0.996689
1.45545
1.01645
0.963934
0.588235
0.993485
1
0.731392
0.764516
1.96785
1.69551
1.74441
1.08917
0.520635
1.0443
0.911672
1.0283
0.504702
1.33438
0.922118
0.928571
0.662539
0.574074
0.969231
0.904908
0.672783
0.926829
0.507599
1.09394
0.839879
1.03313
0.624625
1.02695
0.731343
1.1875
0.795252
0.786982
1.70501
2.28529
1.07625
0.596491
1.55102
0.950581
1.49855
2.03757
0.657061
0.985632
1.85387
0.751429
0.737892
0.928977
1.17564
0.89548
1.0169
0.907303
0.988796
1.29609
0.94429
0.947222
0.601108
1.16575
0.895317
1.10165
0.835616
1.01093
1.22343
0.842391
0.9729
0.6
1.22911
0.819892
1.40751
0.847594
1.11467
3.09309
2.41114
1.10582
0.815303
1.64737
1.95013
1.13089
0.903394
1.13802
1.36104
1.8601
1.45478
1.31186
1.42416
1.87692
1.289
3.82908
1.92875
2.25635
2.9443
4.5
2.58942
3.73869
6.02506
19.185
