45
21
15.3333
125
21.4
12.8333
14
13.75
17.4444
12.7
12.4545
30.9167
24.0769
12.7857
31
40.3125
42.4118
32.2222
36.4211
43.6
22.1429
20.0909
12.7826
29.9583
17.8
12.7692
14.2963
11.3214
11.3448
13.5667
13.129
11.7188
11.303
12.6176
18.9714
17.5556
20.7027
13.7105
12.7179
12.475
11.1463
11.4524
13.9302
12.6364
12.2
11.5
12.5532
12.3333
11.3469
11.48
13.5294
11.5577
12.8868
11.2407
12.6182
17.625
16.0877
11.7931
11.8305
12.9
15.459
12.0806
12.5397
12.3438
12.0462
11.6818
12.4179
11.9559
18.8406
14.5429
12.7606
15.7222
13.8219
12.473
11.8533
14.9079
23.3766
11.859
12.2025
12.4625
17.2963
11.8902
13.5181
23.1905
14.3882
15.9186
20.1609
20.5
26.1236
21.3111
13.5934
15.0109
11.6989
13.383
12.7579
12.0625
12.1134
13.1122
13.404
12.41
12.5347
14.8824
12.7767
12.8173
12.8762
12.6698
14.4673
15.2685
16.2936
15.2
12.1712
13.7679
16.708
13.1579
14.3826
14.069
13.1026
12.3559
13
13.0333
17.9587
15.0164
13.0407
13.8387
12.88
13.119
13.6929
12.9844
15.2558
14.1923
13.1908
13.4091
13.6767
13.903
12.963
15.4559
15.6569
13.4058
14.5612
14.5071
17.0213
24.8239
23.0839
22.1667
15.9103
15.274
13.9456
17.2027
13.7114
14.16
14.5497
21.8553
16.0458
15.8182
15.3742
15.6282
13.8217
15.3481
16.1887
13.9625
15.2733
15.4259
14.8773
15.7073
17.9879
14.1867
14.9641
16.2143
14.2426
17.0882
18.3918
14.4477
15.9133
15.4885
14.72
16.4091
17.8531
16.4382
20.4972
18.1611
16.2044
16.7033
16.6448
17.587
15.7135
17.1989
21.3743
19.0798
15.9101
17.4474
18.1152
15.1979
17.3368
16.9381
17.3949
16.2449
17.5482
16.5455
17.2462
22.43
20.7562
17.4455
16.0493
24.6569
23.8195
18.1165
19.4058
21.4808
17.2823
23.3333
17.8483
18.684
19.3944
17.3037
19.7721
18.1713
23.2028
16.8991
17.7306
18.5909
17.7466
18.1441
16.9821
19.3527
19.4089
17.3407
21.0529
18.2368
17.5065
21.4522
20.4675
22.2198
22.2446
18.1966
19.9404
19.3517
20.3629
19.1134
17.8745
20.7625
19.3734
19.5289
18.5144
19.4098
20.3388
18.7114
20.919
19.5202
23.3855
20.464
21.3904
22.7619
18.8261
30.7047
20.5843
20.9102
20.6459
22.7946
20.1313
19.4385
21.5211
22.084
20.1863
20.8674
20.7736
22.4624
20.4419
20.5075
20.3643
21.3889
20.8155
20.5368
23.0696
20.9343
21.72
20.9638
24.1011
21.1475
22.7634
21.1143
21.274
23.2447
23.2261
23.5352
21.0316
22.7937
21.9512
22.7535
21.0311
23.4517
21.3196
21.3151
21.7816
22.2449
23.9186
22.1081
24.0909
22.2617
24.0836
23.8133
23.0332
22.3974
25.9076
22.7796
22.6098
23.3072
22.7003
22.6883
24.3786
24.9161
27.537
28.0705
26.6102
24.293
22.8349
26.6044
24.6183
24.3742
23.768
26.65
23.7134
24.0559
23.8111
25.5494
23.8277
24.819
24.5352
25.4909
24.6231
25.6394
24.3595
25.5
25.5285
25.4401
24.9522
27.3988
26.6795
26.1568
39.8289
28.1176
27.5748
26.0439
28.691
27.4419
29.5072
29.9422
27.4006
27.273
29.5301
27.36
27.1766
27.017
28.3031
28.0706
27.5859
29.8961
27.2577
29.8547
29.6128
27.8194
27.6094
29.3149
28.4683
29.3159
29.7123
29.3634
30.1907
29.6929
29.9431
29.2432
28.9919
30.0672
30.2949
31.5802
30.1893
34.875
33.0053
32.0635
30.6887
31.4474
31.399
31.5079
31.9634
31.9766
32.0494
33.4534
33.0982
33.4278
34.2648
34.1846
35.2404
37.0714
38.5802
36.3173
37.4506
39.5278
40.4912
41.5302
45.2005
55.675
