207
480
778
1146
1401
1842
2055
2332
2632
2862
3245
3735
3881
4067
4536
4707
5080
5551
5550
6004
6476
6591
6859
7057
7483
7976
8059
8254
8791
8995
9298
9879
9777
10244
10499
10768
10912
11551
11650
12042
12251
12475
13083
13387
13547
13595
14147
14372
14987
15034
15215
16359
15857
16237
16312
16606
17217
17478
17873
17800
18611
18706
18963
19300
19491
19716
20301
20701
21923
21107
21470
22415
21889
21950
22451
23021
23008
23283
23557
24192
24352
24646
24907
25385
26591
25592
26200
26064
26669
27039
27117
27784
27965
28089
28483
28682
29121
29397
29570
30046
30079
30414
31005
31547
31381
31448
32279
32470
32599
33842
33298
33639
33762
34126
34278
34902
34851
35362
35742
35780
36278
36676
36963
38062
37576
38003
38405
49717
38823
39129
39436
39724
41434
40209
41171
40853
40976
41391
41726
41813
42546
42266
44224
43358
43350
43656
43906
44386
44572
45757
45235
45420
46120
45949
46513
46434
46806
47602
47504
47974
48156
48505
48882
51041
49098
50043
50067
50164
50553
50891
51558
51923
51832
52107
52523
52870
53650
53286
53776
54105
54271
55036
55667
54973
55614
55961
56229
56180
56650
56907
58056
58093
57670
58323
58470
58720
59244
59500
59711
59854
60308
60780
61598
61290
61819
61994
62847
62538
62621
62895
65215
64454
65094
66782
64580
64777
65053
65273
65398
65899
67126
66826
67606
67221
67389
67879
70369
68051
68361
69153
69125
69260
70504
71907
70207
70814
71451
71495
71723
71752
72679
72478
72866
73313
73604
74960
74203
74512
74568
74711
76200
75133
76091
76901
76467
77076
77077
77323
77276
79566
78716
78663
78936
79439
79395
81353
79897
80274
80514
80825
82405
81766
81625
84914
83020
83022
83048
83236
85482
84394
84039
84902
84927
85149
86947
85913
86016
87327
86655
87048
87879
87958
87614
88124
88691
88978
88933
89353
90312
90000
90269
91379
91124
91296
91102
91942
92139
93080
92448
93020
93157
93438
404694
94374
94369
95354
95551
97420
96134
95814
96403
96169
97377
97481
96959
97625
98384
98726
98677
101500
99410
101254
100031
100170
100965
100568
101125
101468
104590
104886
103933
102847
103628
102666
104167
103884
104920
104188
104796
105275
105716
106008
106241
106078
106241
106503
109065
107459
107782
107614
108374
108970
108528
109227
109375
109353
110944
110389
111197
111622
110933
112050
112426
111753
113290
112473
112777
115546
113428
114353
114806
114314
115328
115190
115295
116293
116052
115995
116559
116447
118040
117988
118037
119924
119716
118705
118793
119416
122683
119774
