165
306
451.667
599.25
736.4
886.333
1045.71
1182.88
1321
1475.3
1612
1820.25
1931.38
2122.71
2183.07
2352.12
2483.94
2629.11
2832.21
3311.8
3116.14
3215.05
3352.26
3489.25
3634.84
3753.81
3938.59
4070.82
4204.24
4330.97
4473.58
4652.28
4772.39
4941
5042.46
5179.39
5327.05
5447.47
5596.85
5745.35
5889.05
6050.57
6178.84
6318.55
6452.84
6601.15
6720.3
6877.1
7002.45
7163.36
7289.82
7437.88
7595.91
7725.54
7852.8
7980.5
8223.37
8297.26
8431.78
8559.47
8703.13
8830.52
8974.11
9100.11
9257.09
9393.15
9519.67
9679.29
9805.19
9967.36
10106.4
10200.9
10402
10475.2
10610.3
10726
10881
11025.4
11160.6
11306.6
11437.1
11606.1
11727.7
11928.1
11980.5
12131.3
12258.6
12392.8
12569.9
12668.7
12783.5
12928.2
13056.4
13198.3
13512.9
13465.5
13625
13788.1
13903
14015.3
14143.3
14326.2
14392.3
14525.1
14677.5
14801.4
14994.3
15105
15181.5
15306.3
15444.5
15576.7
15700.1
15946.6
16032.1
16091.9
16278.2
16379.6
16579.3
16679.7
16744.9
16961.1
17078.6
17243.7
17727
17690.7
25522.4
17981.5
17939.6
18013.3
18155.3
18281.7
18376.4
18555.1
18657.4
18742.5
18867.1
19029.8
19511.6
19262.3
19427.4
19531.5
19655.1
19777.6
19883.2
20014.5
20159.1
20250.6
20408.6
20536.7
20686.2
20842.6
20964.7
21054
21215.3
21286.3
21365.5
21554.4
21666
21753.3
21927.1
22073.1
22247.5
22353.5
22478.9
22586.1
22698.8
22850.6
22933.6
23054.6
23209.8
23341.3
23460.4
23749.8
23786.1
23933.7
24025.7
24135.4
24258.7
24479.7
24451.8
24650.3
24792.5
24942.1
25089.5
25181.5
25274.8
25420
25523
25728.4
25838.3
25918
26066
26245.6
26379.9
26444.9
26603.5
26687.5
26833.3
26959.6
27115.2
27283.5
27335.7
27474.5
27528.2
27685.5
27841.4
27898.8
28033.1
28516.3
28808.8
28869
28586.5
28609.9
28818.4
28887.6
29045.1
29109.4
29265
29394.2
29580.3
30622.7
29738.2
29817.7
30028.9
31289.7
30402.5
30362.9
30466.5
31240.2
30702.9
30824.8
30930.8
31022.9
31218
31263.5
31414.7
31629.3
31655
31757.4
31877
32010.8
32118.7
32399.6
32306.9
32498.2
32574.1
32743.7
32821.1
32981.1
33258.4
33205.8
33275.7
33436.8
33591.6
33641.3
33782.7
33859
34099.9
34269.9
34229.7
34418.3
34520.9
34659.3
35145.8
35048.1
35036.2
35162.3
35207.2
35414.9
35432.9
35581.5
35631.9
35839.6
35991.4
36059.4
36166.1
36333.3
36453.1
36573
36689.6
36792.7
36871
37017.4
37123.4
37212.9
37381.5
37390.1
37507.3
37685.8
37878.4
37908.4
37960.1
38113.1
38817
38349.9
38485.2
38674.2
38694.1
38808.9
38966.6
39089.2
39158.6
39290.4
39331.2
43279.7
39643.8
39760.6
40029
39927
40014.6
42868.1
42682.9
40353.2
40607.4
40626.2
40823.6
40885.1
41004.1
41090.4
41139.2
41299.9
41524.6
41498.7
41649
41723.7
41881.5
41928.9
42037.6
42241.4
42381.8
42414
42515.1
42633.7
42838.1
42867
42957.2
46353.5
46991.9
46041.9
43699.9
43558.6
43615.3
43851.3
44098.4
44379.7
44086.4
44166.7
44303.4
44398.7
44712.1
44522.3
44704.8
44864.3
44960.6
45958.8
45443.3
45466
45537.1
45461.5
45665
45748.8
45813.8
46053.6
46009.7
46192
46319.8
46418.8
46451.7
46612.5
46780.5
46863.3
46912.1
47133.5
47166.9
47238.3
47828.2
47485.7
47587.6
47640.5
47774.1
47884.4
48008
48117.7
48240.5
48472.6
48389.1
48514.4
48568.5
48691.2
48895.4
49068.5
49232.3
54692.8
49301.6
49493
50247
49777.6
49765.2
49827.2
