26
40
53.6667
81
55.2
46.6667
47.7143
44
49
45
46
69.8333
45.1538
63.0714
60.3333
45.875
42.2941
51.6111
42.3684
47.8
43.3333
48.0455
46.2609
45
49.36
41.8846
48.4444
47.8929
43.8621
46.8333
45.5484
45.0938
50.6364
43.0882
45.0857
46.3889
46.6486
47.5
45.1795
44.225
46.2927
47.619
43.7907
44.0909
50.4444
45.5435
44.2553
47.125
46.2245
50.2
44.7843
45.9231
45.6415
51.5556
44.1636
45.9286
43.6842
48.5172
46.1695
45.0833
45.541
45.8226
45.2381
44.5156
47.6
45.3333
46.1343
45.8529
44.5507
44.7857
44.8028
44.5694
44.6712
44.7703
45.7333
45.5526
44.7403
44.1923
58.962
46.25
47.0741
48.561
44.6506
52.6071
49.6471
48.1744
49.5977
51.2841
50.6292
46.1222
44.7363
45.1413
48.0753
48.5106
49.6947
44.0729
47.1753
45.6224
43.7172
43.52
47.0495
44.9216
44.7184
44.3365
45.4476
44.4906
45.1215
44.6111
44.5413
47.5455
45.6486
45.4464
44.469
44.0614
45.2609
44.8276
47.5641
48.5847
44.9076
44.7333
45.9422
45.2541
45.0976
53.3145
44.704
44.5873
44.4409
44.3516
44.907
45.7462
44.313
44.8939
48.8647
44.791
47.8296
48.6985
49.927
48.5942
45.813
49.1643
53.5248
46.7746
47.3357
47.0556
44.9793
47.637
45.3401
45.6419
47.4027
44.8333
47.0132
45.0066
47.0654
45.7078
46.3226
45.6603
45.2866
45.462
44.956
45.9625
45.4037
45.537
48.1656
44.811
44.6485
45.4699
51.5988
88.9821
52.497
50.0353
54.6842
47.0349
49.7341
49.0287
59.4857
46.9489
45.2316
47.8539
51.486
48.45
44.6796
45.2143
46.4645
45.0217
45.1514
45.6774
45.262
46.2234
44.7672
46.3474
44.9424
45.5677
45.6839
44.8918
47.1333
45.4541
44.8325
46.7121
46.6432
47.12
48.3035
48.9802
47.2118
47.6078
47.0634
48.5049
46.4444
44.7548
43.9282
45.9048
44.5972
45.0142
45.939
45.6449
45.2326
45.3565
44.8894
44.1055
48.0685
47.3136
46.733
47.5856
43.8969
44.5893
46.4133
47.7522
46.9604
50.2851
48.1572
47.513
45.0866
46.25
45.5193
45.6667
44.6383
44.572
46.5823
44.9202
46.5732
45.0083
44.4689
45.0785
46.572
44.2705
44.098
44.0285
44.0364
44.375
46.6948
49.248
47.506
49.119
48.1581
47.189
45.3059
45.3789
45.0195
45.5659
44.9382
45.6308
44.9349
67.229
46.1901
45.7008
45.283
48.3195
45.6105
45.3918
43.3643
47.4963
48.9705
47.5809
48.9194
48.0438
44.72
45.1558
45.7545
45.8561
45.0753
46.4786
45.4306
44.5922
45.1025
45.8239
46.2632
45.986
44.6272
44.9826
45.692
46.3621
48.7526
49.1849
48.6109
46.1122
46.8441
46.5946
44.1448
44.7349
45.2207
45
43.6545
45.1457
45.4653
44.5625
45.0754
45.3595
46.0228
46.8831
47.6019
46.8516
48.6399
47.0577
46.7859
44.5669
44.6698
44.3228
44.7003
45.1918
47.0188
46.4781
45.3302
46.4068
43.4087
43.534
45.1138
47.7209
48.3456
47.4085
47.8936
47.0455
45.6012
45.1596
45.4294
44.9731
45.6537
45.25
45.5104
47.2071
45.0737
44.8176
44.7977
45.8772
48.516
47.186
49.1826
46.7803
45.7118
45.3879
45.851
46.38
46.1709
46.9233
45.8867
45.6525
44.8169
59.9242
60.1793
46.8268
65.0139
63.4333
48.6343
55.9033
49.8209
55.3709
51.5863
56.8743
66.0763
67.2065
60.9756
53.1216
57.0162
56.8683
63.2976
53.5802
66.5173
60.3218
70.7135
49.2513
61.3615
58.6342
61.1129
56.534
58.2715
60.5
60.0052
58.9922
56.1163
53.5464
58.7275
54.6718
57.6394
67.6403
56.0916
84.4619
58.0987
68.9242
58.6851
55.3317
50.198
54.7
