38
48
81
46
74
69
29
72
276
70
70
29
75
95
29
92
79
72
110
108
67
70
72
113
36
102
68
70
35
68
70
71
106
30
70
68
103
36
84
72
118
70
70
70
69
107
69
38
70
100
30
72
72
103
70
29
107
100
30
71
69
40
70
68
28
67
69
30
69
99
29
69
118
115
78
40
106
72
31
72
103
99
76
107
100
72
94
133
49
71
108
72
29
86
128
70
71
30
68
68
105
28
70
70
110
72
70
70
74
125
104
30
69
108
40
70
107
68
70
259
104
68
31
110
77
28
102
70
29
113
72
30
103
110
30
103
69
206
89
37
124
73
30
124
72
77
73
113
125
80
111
71
40
70
105
73
30
105
93
74
105
32
70
73
69
37
75
328
399
457
172
171
114
107
73
44
79
104
30
72
73
76
72
36
72
74
31
72
210
29
73
130
28
70
71
37
102
111
30
88
100
92
100
30
88
68
30
105
72
109
71
74
110
72
105
73
43
75
70
128
34
110
75
105
112
36
78
73
102
29
110
80
75
79
108
139
100
73
73
30
71
105
29
108
70
111
70
41
106
71
36
91
71
30
74
71
37
69
109
40
109
150
40
76
124
72
116
69
118
70
154
79
109
73
104
118
134
31
106
79
117
71
106
78
110
81
105
106
105
73
105
74
124
76
74
32
31
69
112
115
30
41
71
119
123
106
76
38
71
133
135
70
29
79
71
74
101
77
125
134
111
32
73
847
140
45
193
152
73
107
116
73
114
77
124
39
119
76
76
71
73
105
79
148
71
29
29
31
105
37
108
76
30
72
32
828
178
211
189
197
158
225
63
203
226
205
267
197
60
56
69
196
71
194
205
66
212
245
204
240
197
203
156
64
237
205
239
62
198
186
64
200
206
199
204
211
207
205
60
192
